0.276385122,0.164776692,0.209606089,1.146261987,0.644897666,2.746984617,-1.241226695,2.787046787
0.509562748,0.840915797,0.602649658,-0.051158011,0.923714584,0.437121003,-0.023267429,1.659882579
0.496029844,0.940604755,-0.311099241,1.134088297,-0.725604075,-0.309417732,0.402567275,-1.189149011
0.635823774,0.593174433,0.793755656,1.102948322,1.326756857,-1.595354894,-0.858103546,0.070170775
0.539362551,0.434757334,0.953311341,0.540624422,1.155487923,-1.235436276,0.242387682,0.341497336
0.65214246,0.316012946,1.586151956,0.081874891,0.293456789,1.99663568,1.981225674,3.035884189
0.094760162,0.138860408,0.13044688,0.198346891,0.690004726,0.985269639,-0.658140834,-1.28285357
0.724131965,0.782696494,1.530780699,-1.102331871,-0.17883677,1.505329207,2.468158328,1.74001376
0.681184896,0.624501224,1.360883292,1.050085317,0.024652528,2.861421046,-4.666025671,-2.0815887
0.54053294,0.328387462,0.502456276,0.592515589,0.477595511,-0.286722317,1.162017119,-0.221453347
0.381746558,0.199190484,-0.341337766,0.049512688,0.6301268,0.013005465,0.705988898,0.072628084
0.036391677,0.356177431,0.639297742,0.283301402,0.664881439,1.966021016,2.404869474,-2.521253969
0.768379646,0.338608657,1.577706626,1.045380357,1.121875168,-1.919134124,-1.023264226,1.286071906
0.713645859,0.272312375,1.376372076,0.049594565,1.15760201,1.792064636,-1.529711383,-2.928504808
0.661194566,0.66222805,-0.201190545,-0.340949194,0.276456023,1.090345597,1.715196352,-1.659681667
0.815215409,0.21851667,1.233491227,0.605786371,0.580254066,2.019332415,-2.015783068,-2.534891594
0.631561022,0.932186689,1.193983421,0.039075708,1.6933715,-1.274168988,-1.178312044,0.747947608
0.410968031,0.968373609,1.005564919,1.162464291,1.195707901,-1.56897979,2.422793666,0.581689321
0.167476465,0.904075285,0.301511159,-0.292394066,1.115332443,0.34706571,1.133095257,-0.646856671
0.265482714,0.022050434,0.455065964,0.964055844,0.647532084,2.310855867,-1.999587165,2.918876828
0.683458237,0.12495072,0.782721791,0.838351993,0.112751327,-0.66041593,1.348185387,1.526832416
0.348609518,0.198115006,0.449232298,0.003789395,0.398964997,1.431935249,-1.285335497,2.959391206
0.178514588,0.587297583,0.520904694,1.635372069,0.887412565,3.008188676,3.88623588,5.789507184
0.922939694,0.628511494,0.548423192,0.296760453,-0.327567521,-0.596802647,-0.013283731,0.009687943
0.314794333,0.9405078,0.521491022,-0.535937568,-0.274349647,0.89339962,0.902216112,0.714113961
0.16611275,0.611788379,0.35574117,-0.108579235,-0.375475539,0.583531498,-0.539326986,0.282386012
0.445384302,0.6560063,-0.48430746,0.117583376,-0.492062425,1.119202686,1.904952309,-0.51785617
0.884106507,0.276452447,0.929577929,0.344041875,-0.306599104,-1.26653728,-0.774200623,2.340765387
0.965877718,0.996341691,-0.687041207,-0.491455204,0.871531599,2.146242003,-1.882903395,4.265807645
0.302853781,0.905595124,0.554108135,1.11655648,-0.757274033,-1.667982759,-1.531920523,2.941484288
0.850980357,0.495182219,-0.180922472,1.674567888,0.527897607,-0.388489734,0.409482164,0.870787714
0.38912579,0.736453636,0.990870817,1.436508435,1.278970071,3.535022387,-2.895488224,-3.451278624
0.56775713,0.767704996,0.112737535,-0.094306261,-0.205303287,0.950271687,1.596542378,-0.385892915
0.003575871,0.505959925,0.879938125,0.823537825,0.050140923,-1.411219291,-0.989737224,1.817557895
0.489382092,0.664760822,-0.122058826,1.681303096,1.490316716,0.915280987,1.38733015,3.267301134
0.717076969,0.893053203,0.025606513,-0.216465052,0.171337269,-0.106316874,0.301714648,0.359854981
0.267873976,0.313945547,-0.149541068,0.588405797,0.68840231,0.86313265,1.320996159,-0.629053466
0.40659834,0.501139865,0.229404003,1.064016889,-0.262135285,1.66041962,1.117003137,1.371725357
0.759051643,0.538014098,1.821328135,-0.046846217,0.175517062,2.717206299,3.754818413,-2.310906288
0.878226416,0.897765157,-0.193875453,-0.910185732,-0.480652018,1.447477342,-0.641072969,1.20676783
0.036084881,0.704351189,0.922284997,0.890408368,1.15970276,-0.560982179,0.772262938,0.770191219
0.852451834,0.445795073,0.833631305,-0.259655376,1.249425264,0.959575408,1.3624346,-1.796334164
0.989478042,0.045938548,1.079701696,0.649972091,0.535066053,3.160463888,-2.999409682,-4.583318659
0.674343155,0.842771908,-0.742496813,1.465691221,1.453504494,1.595040584,-1.34472897,-2.334781591
0.307475001,0.102627357,-0.093108757,0.2046568,0.669113968,0.99757612,-0.281980025,1.793837479
0.695913978,0.533711354,1.671979279,-0.4238539,1.190075632,1.857380978,2.990914639,-1.492478008
0.546979711,0.882058893,0.168057029,0.816432519,0.739038245,-0.408228488,0.182833374,1.376527464
0.796126996,0.797292171,1.216199325,0.028978145,-0.402432662,-0.989982748,1.89640149,-0.305502737
0.877078828,0.799014706,-0.197767204,1.438590437,1.418709021,2.036715713,-1.962765573,3.407639429
0.734267065,0.320620147,-0.254953847,0.678485032,-0.07577754,1.27038155,1.458009021,-0.639574227
0.133520045,0.739150745,0.859369804,1.514049401,-0.450062276,-2.762026473,-3.071383885,-3.93544787
0.176910876,0.63152231,0.53523046,0.548037601,0.378793518,-0.07751741,0.143413512,0.338924253
0.455406254,0.665439213,-0.364473608,-0.333493421,1.666245378,1.45063287,2.082332721,3.88067649
0.1775626,0.29635743,-0.149962475,0.562708159,-0.053504041,0.187861743,0.816506902,-0.140060385
0.389259419,0.523974124,0.662777819,0.107120333,0.215645256,1.708908625,2.703545712,-1.590486978
0.567164517,0.018739919,0.82501711,0.912344005,0.022847111,-2.300266007,-1.54740502,-2.189126854
0.522758101,0.663424332,-0.231339681,-0.299085961,0.326674517,-0.187891195,0.560600536,0.117395729
0.619160357,0.35725594,-0.658751738,-0.181050945,0.88916212,-0.088595686,0.467721301,1.497350564
0.971023228,0.021597397,-0.071735641,0.935665155,0.887365876,-0.671072608,0.902186457,0.460319914
0.930958577,0.671022045,2.130124638,0.469454567,-0.244833737,-0.904322733,1.859752658,1.387060761
0.545888208,0.704330109,-0.168171867,-0.041276474,0.818999442,0.559904549,0.744975783,2.105771417
0.099440984,0.21618028,0.279451303,0.615478749,0.033146228,-0.889177449,-0.213210605,1.701038216
0.278182964,0.302307223,0.632700348,0.102576694,0.276706685,-0.300866478,0.023733693,1.00945559
0.549409926,0.560288953,0.758721172,0.91472984,0.790674466,-2.123750195,3.139235571,2.004019496
0.437831888,0.296900525,-0.264204126,1.084912862,0.483121172,-0.248557414,1.297296321,0.511988182
0.895003749,0.240097042,-0.433773232,0.710942708,1.061196356,-0.263992493,0.2488646,1.002404388
0.066778175,0.818854499,0.148617141,-0.17647062,-0.02995948,0.392610878,0.380980434,0.409165242
0.712635249,0.543877422,1.333448689,0.227696867,0.685663604,-0.460276774,0.621766399,0.583889726
0.869482629,0.360100697,1.413332029,0.730640285,0.003838291,2.878654975,2.47424551,3.221256982
0.517778304,0.454639164,0.965585506,0.925080127,0.333509214,-1.445925024,-1.495646062,1.807701166
0.349911544,0.87767499,0.849560197,-1.029999842,1.649149496,0.208486074,0.519146407,-1.420975159
0.052785643,0.421398938,0.130318735,0.917970647,-0.184898926,1.25902858,2.178588706,1.697438514
0.801674908,0.384096045,-0.535722787,0.389010846,0.30085043,0.496133731,-0.742724667,-0.521789522
0.940588435,0.797214969,2.15100967,1.38829063,-0.153904661,-1.873685819,1.754229449,-1.655191745
0.072248465,0.742712191,0.684847722,-0.583757935,1.616597461,0.188243028,0.628599596,-1.718282945
0.940144853,0.271669675,1.521208706,0.58062895,-0.380036779,2.321371736,1.874033478,-1.890634718
0.778803394,0.534177436,1.928998928,-0.622345651,0.250107326,-0.651300943,-0.376824514,0.938064636
0.335561526,0.885215019,0.273732761,0.799570555,2.027069245,2.192804222,2.589881408,4.592180467
0.151360147,0.035723307,0.814058705,0.559999984,0.953986436,-1.09423188,-0.767096593,0.397817846
0.888418303,0.721116497,1.760362657,-0.798645303,1.125903358,-0.382715822,-0.186261985,1.309773448
0.618363892,0.676385459,-0.445837007,1.14386457,1.599393391,0.193733114,0.381630483,-1.037629126
0.140556977,0.228742251,1.092853668,0.925525032,1.060857587,1.892246765,2.520432687,-2.817227613
0.20056377,0.292895238,0.653848083,-0.228651748,-0.215071931,1.023779791,1.680802746,0.883937139
0.300934274,0.682961081,1.36983794,1.574268714,0.049762312,2.900344736,3.6708443,-2.477660485
0.832745892,0.824850723,-0.667474938,1.451313008,-0.127918246,1.359179019,2.373717511,1.891704467
0.376315893,0.270983372,1.109894655,0.85843609,0.678639345,2.682857369,3.668067874,-2.689422326
0.781322185,0.725693293,-0.573919622,1.067278797,1.013402983,0.507053836,-0.405832766,-1.288197434
0.328885679,0.919943054,0.490077201,-0.363196701,1.095596024,0.195064964,0.41923521,1.139588098
0.726365867,0.049907499,0.790504769,0.713942944,0.207415517,1.048530472,-1.024990682,1.762296897
0.405734152,0.971865691,0.868636826,1.674275848,-0.316918391,4.209561736,4.20320131,4.267717354
0.923439573,0.115499356,-0.601691642,0.096968265,0.556174192,0.108356318,0.60050155,1.094360531
0.779834164,0.206414098,-0.747270361,0.347257155,0.492226125,1.04494943,-0.556362461,-0.565849105
0.914807259,0.663178952,1.25749773,-0.829614836,-0.539695118,0.220514747,0.731575046,0.433514707
0.614136156,0.958318121,-0.039455991,1.807514123,-0.267794122,2.450438655,-2.0531762,-2.2042155
0.369177521,0.493753086,1.518249147,0.313578324,1.040956346,-1.38203438,-1.224647891,-0.287251949
0.37705069,0.338960628,-0.093709948,0.528261095,1.02714878,0.428028926,1.296069749,-2.234909587
0.604569277,0.015250549,1.000196252,0.50683108,0.439951221,2.186549695,-1.944757625,-2.867405432
0.916978325,0.357247371,-0.107621876,0.764539775,-0.160478162,1.608803372,1.998886837,1.441974149
0.652507576,0.769851193,1.298356034,-0.200572061,0.048048922,1.696493189,1.834323936,-1.189936672
0.00053297,0.083043365,0.535951213,0.822918288,0.350889704,-1.418628226,-0.638496703,1.652079125
0.894906005,0.523421272,-0.578677092,0.234708245,-0.222169622,0.346520283,0.391904257,0.102252417
0.401018198,0.077202887,1.065692746,0.182746991,0.787261021,2.075937333,-2.007085978,2.328275999
0.802231122,0.213000865,1.312274123,0.433478042,0.386258549,-1.275761373,-0.861433461,-1.182712283
0.103068414,0.375764306,0.10470542,0.410778618,0.546898422,0.382693689,0.966596474,-0.304902298
0.665358783,0.672888907,1.052292603,-0.456170537,1.472714968,1.18443756,-0.807024828,-3.097409154
0.028620657,0.63959131,0.047107821,1.696382271,0.679167796,1.682959316,2.355112387,-1.73480643
0.676908945,0.811747468,-0.336928436,1.000148426,-0.537926298,1.19896287,-0.313781416,0.813041678
0.331774858,0.502285321,0.599345509,-0.16640685,-0.077159535,0.995205076,1.959580716,1.114539931
0.079867195,0.539428058,0.717652043,0.572935122,1.108416075,1.476078115,-1.391110877,-3.049038823
0.543837539,0.522656086,0.169858867,-0.684392274,1.470329968,-0.495582001,0.369000736,1.405544209
0.341281437,0.707538035,0.989869938,0.86439551,-0.465262325,2.245641152,2.120655704,2.680044929
0.757844852,0.281681233,1.168048608,-0.255105982,0.136583933,-0.009925166,0.844432673,0.287647061
0.943586664,0.789167777,-0.138942871,-0.586117582,1.379769481,1.050826487,1.833757437,-2.197642031
0.736420859,0.704172975,1.633246346,0.697338012,1.399305365,2.08483111,2.056124891,4.481222294
0.560775207,0.05887107,-0.092359249,0.604955218,0.220659715,0.828777975,-0.911402848,2.296775631
0.624927051,0.408240238,0.111274847,0.62357349,0.376099961,1.173804254,1.614359007,-1.396343761
0.353381597,0.658305347,0.338638296,0.050492244,0.614252616,1.411410946,1.04798539,-1.722214455
0.429014015,0.882677975,0.878925749,1.671144347,1.46328973,3.207621827,3.917803513,7.543819174
0.02530326,0.339340858,0.081987161,0.302087851,-0.102903967,-0.11904681,0.266398291,0.210421058
0.256017842,0.095113282,0.219736113,0.017486712,0.746941748,0.498751786,0.093379508,0.367092324
0.844962567,0.690838246,-0.689775784,1.160911909,0.105059234,0.601112322,0.977274201,-0.02564257
0.277462761,0.584594911,0.527369241,-0.316235667,0.388762377,0.575639991,1.033543841,1.935438471
0.932703855,0.537212576,1.275969083,0.983510145,-0.466596668,-0.789551511,-0.410396233,-1.445015561
0.320058057,0.608054534,1.108472158,1.333094092,1.604183801,-1.350436848,1.398753478,0.524914555
0.380420575,0.394448775,0.173240274,0.819517417,0.634483881,1.65579201,-0.028851037,-1.90773066
0.931348821,0.858996751,-0.3121985,1.295148434,0.094085935,-1.359209121,-0.810108418,-0.914743568
0.411180872,0.62908583,0.601843174,0.892729416,1.11958785,-1.428515884,1.544373371,-0.043436903
0.22390916,0.34553703,0.917252819,0.491909237,1.256904363,-0.03150325,0.746889224,-1.024698575
0.896095626,0.237488727,-0.456242008,0.157661387,0.793591614,0.864969836,-0.096595923,-1.22665837
0.856442006,0.049244479,-0.297502417,0.113088393,0.161994552,0.24178035,-0.140829421,-0.364496485
0.526359895,0.678426875,1.397124234,0.330032391,-0.271710233,2.590447014,-2.722093394,2.545192821
0.791645757,0.13135286,-0.430856696,0.20937578,0.681346704,-0.048875756,0.860875748,1.177240424
0.744496922,0.606066336,-0.221131599,-0.319880544,0.861160742,-0.170463423,0.556122264,-0.241839969
0.002453757,0.005030289,0.954415599,0.441645742,0.816400665,-0.660517842,-0.54041157,0.534141892
0.610299921,0.554627197,-0.060689222,-0.167522414,1.31940531,-0.124158001,-0.140771421,-0.288807431
0.266405038,0.775863004,0.096880348,0.940626204,-0.652336171,-0.662704275,1.231975072,-0.695755204
0.087578516,0.676755669,0.429169834,1.532657921,0.745788051,1.542213391,-1.170088161,-1.233579193
0.59159388,0.885717142,0.353876528,1.806286102,-0.948774198,-2.217950329,-2.52952275,-1.172390445
0.859963187,0.983160921,0.211709939,-0.473415263,2.082919561,0.673384775,0.661442674,-3.75584374
0.009899113,0.337099404,0.296828429,-0.065109883,0.745130509,0.359859651,0.124632716,1.21660468
0.165387513,0.904463597,0.420609531,-0.009418852,-1.148002332,0.176284494,0.832581887,2.082843863
0.667430749,0.834313315,1.041746561,0.743042164,-0.500930992,2.107385212,3.364166608,-1.333248976
0.712504504,0.264394268,1.31488287,0.845052164,0.612893217,-0.956655538,1.194950856,0.759296892
0.347263956,0.332783368,0.113197515,0.425982393,0.527203588,1.616512334,2.258761669,-1.2486325
0.124141607,0.770701294,-0.015210236,0.919216211,1.245137441,-0.582912913,1.305134818,0.960068745
0.252341017,0.99537644,0.27798014,1.873265331,-1.068329286,2.458439901,-2.232080607,1.632385891
0.040742001,0.642335345,0.947165505,0.315079669,0.320412707,-0.660323807,1.01835211,0.860705446
0.99609321,0.326110365,-0.917155556,-0.260758493,0.519716423,-0.196819661,0.287944568,0.150792832
0.889633632,0.209017829,-0.301441039,0.650177529,0.888649408,0.489193984,1.587638176,2.580153166
0.331778676,0.416741331,-0.26003467,0.409501418,1.059979737,0.731743317,-0.250644038,-1.130361333
0.846854664,0.137127889,-0.361072717,-0.03396035,0.060917009,0.902806655,-1.154312153,1.66399991
0.510145122,0.718300257,0.523170222,-0.410489956,0.034151745,0.711797792,0.563162391,-0.611796475
0.007437027,0.446450197,0.252535182,0.759249693,0.54756557,-0.858279757,1.880440324,0.511868598
0.037194862,0.563442624,0.075433822,0.897791679,0.048434866,1.15714587,1.54629254,1.451629904
0.089445378,0.677030938,0.514365729,1.608931143,-0.59237594,1.050838479,-0.169109058,0.632388341
0.884554925,0.607881044,1.168815875,0.003459583,1.484922265,-0.715453779,-0.092630087,1.194262389
0.532233305,0.885849297,1.300305229,1.251959515,-0.039619919,-0.963081061,-0.107835029,1.091668218
0.921450838,0.064173209,1.570030417,-0.064789427,0.565258689,2.346067738,-1.263179941,-0.382050894
0.30422549,0.04495298,-0.154395735,0.195939521,0.350235787,0.318307983,0.70528239,-0.284979152
0.224930633,0.511155062,-0.24345721,-0.485890779,-0.404540306,1.214025472,-1.210627651,1.505057052
0.033564753,0.336064009,0.845722348,0.513968198,-0.210254764,-1.06822511,2.003773719,1.745242947
0.619914113,0.187048249,0.758306646,1.147867016,0.341108829,-1.535030467,-0.921265232,1.106849735
0.738530693,0.185264921,1.404234298,1.252962006,0.112343985,-1.807081476,-1.291805289,2.183508109
0.683948368,0.943840414,-0.067049345,0.977808572,-0.97657138,-0.123857386,1.027646765,-0.355846546
0.892695724,0.960480195,-0.038414234,1.718998427,1.500852525,-1.488076064,2.153823672,0.983779261
0.445384156,0.338542625,1.440576998,0.436106041,-0.423886711,-1.046255465,1.425922172,2.127575878
0.415948423,0.35846251,-0.284185232,-0.064609494,0.529856582,1.086387263,1.808004982,-1.849394199
0.825602541,0.266149219,1.69937049,0.872857778,-0.264815636,-2.473359868,2.388571245,-1.876715557
0.794086586,0.373791802,-0.148270673,-0.017152991,1.22776504,0.829489696,1.484069992,2.717429654
0.867200401,0.717039769,-0.509057886,-0.763947507,1.086052562,2.275025001,-1.199437836,3.481685245
0.139294144,0.167538115,0.008430487,1.101977675,0.276084238,-0.524149959,0.978703916,0.342312599
0.989415751,0.331439834,-0.5843193,0.588927479,0.955857796,0.385430804,1.211192008,-0.738249212
0.67514696,0.305135963,1.133510697,0.585093354,-0.094216993,-0.636817154,0.281865735,1.508603395
0.024304248,0.884474219,0.651729113,-0.344276016,-0.442754541,0.419258039,0.557026557,0.80517164
0.220972166,0.428537288,0.698088275,-0.365122869,0.403529384,1.003456282,1.947524776,2.043685977
0.855893389,0.338488374,-0.41861032,0.467516108,-0.116338373,0.530625336,0.056692923,-0.450312738
0.299060087,0.999726392,0.188342445,1.287840951,0.267721797,2.331516641,3.32730945,-3.410855326
0.790181267,0.960191712,-0.033930855,1.333900805,1.901355945,0.017032581,0.673634555,3.200073218
0.115374038,0.405090228,0.547994701,0.718325719,0.436190386,-1.297821802,2.198496609,1.079804851
0.833773206,0.048746667,-0.369902924,0.406191548,0.293954906,0.079021709,0.596344528,1.149042269
0.748977342,0.196464905,1.177767914,0.309954901,0.578651939,2.175960805,-1.474293828,-1.593352737
0.650389101,0.049395914,0.938254732,0.569833485,0.482774842,1.834338576,2.374457257,3.396942059
0.139297492,0.510971738,0.720020109,0.959474287,1.563927311,-2.417422668,4.032372085,-0.173313398
0.416789023,0.756724137,0.728786742,1.052921999,1.918430871,-0.597491588,0.942691064,1.713100078
0.419721704,0.267654502,1.311347057,0.472415127,0.610127548,-1.119692141,-0.256202403,0.955626491
0.082323386,0.507597961,0.174552222,0.209576894,1.476818751,-0.400159669,1.037638051,1.334644346
0.93497099,0.808582691,-0.640084266,1.151331529,-0.533703344,-0.248088256,0.707770816,1.345824823
0.122721258,0.495791848,0.850296002,0.467575232,1.373190415,0.819759512,2.11187229,2.450348433
0.371683927,0.498302911,0.110455339,1.069931118,1.207710093,1.575318849,2.816494242,-2.669221942
0.371029481,0.499137586,-0.283025169,0.814356429,0.613853276,-0.2054286,0.446810744,0.5717399
0.146391308,0.100405126,0.211400162,0.051408566,0.10644247,0.026432604,0.614641345,0.289495076
0.399467483,0.915719008,1.010848365,-0.080825867,-0.313672693,0.179594754,1.007889172,0.51571895
0.79745343,0.153067786,-0.758400679,0.622768241,0.728979651,0.836283347,1.525828608,1.766060605
0.220180496,0.29537745,1.173698841,0.506618926,0.822326712,2.881366058,-1.84426383,4.29652924
0.079695709,0.539735586,0.42221542,1.246030536,0.549092095,-1.368877799,-0.915574687,1.863077732
0.995817089,0.967367347,-0.824968704,0.599559335,1.924911021,0.511104821,-0.556561038,-2.240969973
0.459299997,0.30166317,0.980786983,0.109196908,0.505299935,1.154975428,-0.414633105,-0.598298795
0.994934129,0.602526126,1.616805618,-0.460270044,0.786452592,-1.065104941,1.593190428,-0.026531545
0.04148859,0.175994551,0.906668479,0.400619269,-0.141551724,-0.582020039,0.731710689,-0.231787598
0.480415025,0.904486227,-0.419218211,-0.226856472,0.928767095,-0.160624919,0.650238666,-0.177966466
0.754851866,0.359211308,1.515772891,0.274733668,0.925554336,-1.248496436,1.98416457,0.773915087
0.717110547,0.988589892,-0.148055916,-0.293471424,1.747857615,1.248529691,2.143615957,4.189487252
0.294743444,0.677543943,0.686596528,-0.269350119,-0.751450374,-0.428318662,0.683812403,-0.557079953
0.104969927,0.212807046,0.557357208,0.957411157,0.31158855,1.507943157,-1.219635088,3.290603549
0.98842741,0.946311302,1.430124449,-0.515725437,1.392092585,2.068651048,3.440857785,-2.159844473
0.474648884,0.612598145,-0.245720008,0.939515228,1.488381109,1.404769495,-0.674544725,4.026447164
0.798306569,0.461546492,0.967254142,0.169988465,-0.327468426,1.13057287,1.55853644,1.572721982
0.920031347,0.05942909,0.200340326,0.429517844,0.457586022,-0.212645532,0.895527273,0.760494161
0.045113177,0.850924498,0.307154602,1.236735397,1.558930833,2.285618887,-2.142789551,3.978432382
0.643946478,0.428340991,1.608379936,0.270039042,1.006299435,2.258392579,2.876099796,4.05638325
0.10452346,0.474420089,0.036641344,0.476358612,0.211359498,0.555065416,-0.562529912,1.566689906
0.851653287,0.878190624,1.820058459,-0.853328945,1.289808883,1.775938029,1.75766852,-2.998619643
0.167253088,0.29026729,-0.005024713,0.274989796,0.656579095,-0.046856676,0.507880627,-0.29806534
0.183555432,0.793430323,1.213528321,-0.147622413,-0.395034116,1.022540996,1.819155463,1.363352251
0.928704291,0.983041552,1.08763187,1.499313671,-0.874396759,3.026878952,2.610787762,-1.523124604
0.097688556,0.941901287,0.341895494,2.045886989,-0.019584786,-1.429476018,-0.605434388,-1.436813275
0.860004865,0.199300926,1.300148948,0.161610897,0.009982395,1.77905346,1.845450723,2.632067665
0.797032064,0.330084241,1.821537503,0.538250359,0.46522918,-0.821620977,0.481050109,-0.002751835
0.879635017,0.926865675,0.16392095,-0.098135644,1.309333558,-0.044385366,0.102674582,-0.391391749
0.526195836,0.466119461,1.217498661,-0.281800534,-0.386170635,-0.310463017,-0.268298373,1.344554607
0.822102115,0.287147605,-0.074101363,1.40724861,0.610697081,-0.912518451,-0.149716914,0.36086852
0.361257119,0.589327144,0.190748135,0.569788373,1.54687041,1.718880696,-1.011021248,3.164061481
0.627315568,0.096904918,1.171130904,0.07920522,0.731932191,-0.20920581,0.784653285,1.427580367
0.302320806,0.712690322,0.327624444,-0.160096946,1.442491021,0.673197137,0.134804156,2.590200628
0.775521361,0.827217523,1.308163529,0.232248613,-0.466711946,1.602439734,1.787082413,-0.797501369
0.694217782,0.578569157,0.75327337,1.011029819,0.496458399,-1.500632147,2.644013587,1.151330835
0.668629992,0.868743037,1.189370307,-0.242145731,-0.570881367,-0.586994,0.15011086,-0.835865609
0.916012741,0.226984338,-0.476040387,0.235259448,0.044423395,1.250563088,1.556500679,1.000277921
0.453470581,0.552037064,-0.138424865,-0.220720359,0.178201271,0.970340396,1.337514981,-1.426356044
0.865982972,0.987482902,0.124078263,1.225957364,1.503802745,-0.820287529,1.176106798,-0.252950733
0.109483031,0.610301742,0.63077387,0.629132301,0.2035944,2.337689594,-2.281958823,-1.339742137
0.836116525,0.465709654,0.234034271,1.32931139,1.391671476,1.68921534,-1.501851363,-3.355417544
0.082553745,0.714243953,0.73338757,-0.885164335,1.237151381,0.436064699,0.494794142,-1.328284973
0.757639081,0.169879021,0.25200961,0.852222775,0.396878372,-0.354865276,-0.094401512,0.25828062
0.75441647,0.073854741,-0.681858455,0.578608103,0.659368775,0.315637086,0.833218708,1.774923568
0.297778806,0.632896622,0.264573227,0.932904187,1.626042847,0.176829755,0.947752764,-0.438854577
0.921658858,0.619599453,1.348871704,0.506912416,1.229725068,2.954099142,-1.503908134,4.957937216
0.952803267,0.220359751,-0.917201562,0.896072164,0.872892703,0.792634936,-0.446234769,-0.958352221
0.921795687,0.55911029,1.180093433,0.691154737,0.997712327,-1.395824322,1.348581918,1.097716453
0.84769879,0.212003965,1.112631978,0.18650353,0.936575997,1.614773799,3.085688381,-2.597054658
0.976676325,0.72906372,0.135894349,1.267780025,0.143094499,2.197478138,3.31418153,-1.288541813
0.911752819,0.170116477,-0.092463583,0.385100408,0.116773817,-0.201592872,0.878960781,0.430173306
0.357572309,0.594750333,0.512515329,0.528170045,-0.278059319,-0.717841806,-0.212259126,1.145521937
0.958428764,0.342756151,-0.377583848,-0.244431385,1.190814197,0.104711601,0.122568202,1.435682894
0.236990188,0.128142884,0.806269934,0.349350995,0.787898777,1.163284938,2.003606422,1.826095277
0.00943962,0.45170303,0.443998298,1.508569682,-0.008678104,2.574282353,-2.032924326,-1.772763999
0.023697089,0.992651502,0.901018914,0.129608077,-1.061371557,-0.13072159,0.975927619,1.845480763
0.549160713,0.425625529,-0.6197692,1.264947485,-0.412597475,0.728265723,0.089862874,0.265519218
0.362444427,0.210336221,1.010149351,0.000326433,0.641401472,2.268271961,-2.076990691,3.398648674
0.357020093,0.582734496,-0.22940013,0.32976592,0.193457304,0.233398532,0.257063302,0.615318151
0.652959416,0.58583557,1.128873155,-0.070662021,-0.338297814,-1.170612364,2.372524775,1.627347465
0.953881379,0.24992329,1.873059964,-0.266910425,0.48886455,-0.968886874,-0.503619974,0.767327036
0.390410016,0.316707467,-0.032871621,0.767101607,0.560413143,1.45283379,-0.804781254,2.207194979
0.131069593,0.93329221,1.0509807,0.914233984,1.024608861,-1.09622954,-1.446313675,0.794556382
0.140568797,0.180754463,0.780995003,0.908854392,0.585349343,-0.872236163,-0.761538288,0.846678916
0.075818349,0.561706588,0.544562511,1.318643851,-0.340564161,-1.356332148,-1.180520904,-1.134733412
0.576247792,0.703867685,0.824218725,1.251457148,-0.415011528,2.330844302,3.188708781,-1.280181664
0.607589792,0.740465705,1.498298477,-0.201953086,0.796886366,-0.49601751,0.532015477,1.02785955
0.282022356,0.437581322,-0.090320818,-0.348108003,1.225831497,0.727612872,1.711769144,-1.097940457
0.659022767,0.033357049,1.009423534,0.810519573,0.27837208,-1.867992754,2.555510501,-1.209536944
0.879941885,0.038602044,1.083542523,0.749270417,0.814913172,1.902181509,2.325145555,-3.386982349
0.642080855,0.429551682,-0.435258865,0.587633273,0.267842505,0.504807045,-0.227674857,0.208462693
0.123316098,0.91844517,0.759054887,-1.035277224,0.064568424,-0.099805647,0.652487862,0.187671466
0.117700068,0.1064149,0.756263486,-0.085642748,0.550128667,1.353980278,1.568921807,-2.0009543
0.945457364,0.606573951,0.979542733,1.247640623,0.287678433,2.391141157,1.683540978,3.059198172
0.748608547,0.730631294,0.194694926,-0.043736653,1.327634275,0.59751678,-0.062871098,3.03582567
0.722995706,0.880242535,0.054736154,-0.052147728,-0.816633782,0.479429043,-0.005544267,-0.206712787
0.151698154,0.593500655,0.768882849,0.241801452,1.35213616,1.547481053,-1.161180306,-3.264660807
0.748577185,0.903415953,-0.348235417,-0.16174747,1.019776202,-0.129962579,1.010430982,0.553227241
0.641337883,0.793996627,-0.007188273,1.69323693,-0.122050731,-0.707695935,-0.169543608,-0.402844373
0.082659642,0.697628564,0.319070464,-0.53545557,-0.064736641,0.393912395,0.816422203,0.809132717
0.310650156,0.995097777,0.065867777,1.409176224,1.746129372,-0.873729101,-0.269671968,1.615117909
0.13850511,0.342634154,0.405115172,0.755724457,1.225645701,1.062066587,1.068292092,-1.151575143
0.107482146,0.178250001,0.95496121,0.799835768,-0.015893969,-1.666381605,-1.071322673,1.849785303
0.396271269,0.896896146,0.206654815,1.133925305,1.373221308,0.050346839,0.887553156,-0.924813001
0.117618879,0.169251286,1.009724732,0.449626998,0.650036597,-0.831110038,1.52497412,0.623056501
0.616409456,0.1466411,1.278225534,0.585804553,0.424745537,-1.649579052,2.619407309,1.786972892
0.545654074,0.947652909,-0.459448461,1.90565219,-0.747603796,2.176730567,-1.188403643,0.765245149
0.13789213,0.027152056,0.699987482,0.065070751,0.965379314,1.529971201,2.109744746,-2.221094789
0.170016068,0.260251203,0.309855284,0.491466805,0.230097117,0.730841177,1.27554711,-0.826344502
0.173302062,0.830509223,0.980594798,-1.046482731,1.078444341,0.644328499,0.864700075,2.007440352
0.288762254,0.472986631,0.532559873,0.087702652,1.233406751,-0.016399093,0.975647557,-0.585766293
0.598771281,0.606817288,0.954985566,0.575524437,0.534996714,2.505283743,-1.767880639,-1.775661104
0.961143516,0.311794152,1.30864101,0.529982205,0.925525738,-1.62435321,2.139288336,1.578158375
0.781080076,0.169825216,0.334367252,0.593720955,0.183470845,1.413196147,2.059435338,-1.182482759
0.128534911,0.662453108,0.942342313,1.088687339,0.752508125,2.268777001,-2.33807008,3.005214566
0.040678548,0.84262976,0.634858538,1.841357859,1.625236607,-2.75522768,2.53638634,2.175447675
0.737047428,0.834228592,1.741140151,1.238800599,0.785590837,3.056932101,3.75514203,3.848854749
0.077879858,0.525881669,0.844736904,0.899717851,0.710013691,-2.236319878,2.180960931,-1.382614661
0.061596714,0.91880431,0.102832399,-0.497321253,1.522946919,0.365203118,0.457054983,-1.22021508
0.378770883,0.181916274,0.123044254,-0.080721751,0.752567462,0.536446653,-0.413866029,1.914774661
0.821940802,0.295111557,0.457334603,0.288824882,0.611255104,-0.3104953,0.126487378,0.29241454
0.211342839,0.421655682,0.666209377,1.247980175,1.348109073,2.962502611,-2.301365857,3.312556436
0.712014226,0.786410454,0.872394285,1.31915878,1.338891682,-1.756672489,2.115772411,1.03205204
0.444005279,0.294026435,0.526075655,0.492030864,0.264956307,-1.006610143,1.606814405,-0.065291463
0.178827067,0.048316421,0.2855819,0.28828861,0.670035688,1.618745004,1.920993126,2.912966953
0.171216724,0.69442651,0.973947072,0.073691951,-0.020776103,1.929325137,-0.695910064,-2.068574289
0.349399999,0.822798079,0.2565153,0.178244261,-0.126246224,0.097912823,0.820185798,0.814797111
0.852944556,0.967684208,-0.199406945,0.171420958,0.994626213,0.823639134,1.353114826,-2.174417526
0.81910311,0.279558032,0.637894081,0.960245426,0.20721283,2.301330094,-0.782829115,2.187252599
0.017048209,0.046055424,0.09622896,0.682374752,0.086397332,-0.459490058,1.214136562,1.257916845
0.002612453,0.723612793,0.351410772,-0.555751556,1.259614722,0.595523531,1.259427145,-1.189240198
0.730827427,0.883183248,0.326927058,1.8875219,1.168573126,-0.226521957,0.579395026,-0.172147956
0.016477683,0.410637431,0.124784494,-0.258098751,0.033711489,0.898167317,-0.393564834,1.682693375
0.864835581,0.472825253,1.523566862,-0.119300411,-0.100620682,2.243054423,3.012817727,2.678277728
0.422713126,0.31246381,0.59166365,0.127719475,0.411122651,1.215875804,-0.559614951,-0.273977508
0.523140742,0.934885318,0.911238609,-0.516124242,1.29656745,0.342725138,0.613817551,1.898205195
0.520981723,0.138543592,-0.473640809,0.389651028,0.214457124,0.584849941,0.008828526,-0.129653191
0.355548258,0.003782631,1.347672565,0.626000793,0.050619869,-1.323743454,2.269474823,0.103062428
0.174937697,0.765587386,0.252637395,1.091176471,1.107078329,-0.69534611,0.930489288,0.540156855
0.408872881,0.481571374,0.346820556,0.19650848,0.208962425,1.145768186,0.896657799,1.538774136
0.385812422,0.071811567,-0.017057526,0.603766012,0.954445716,1.34921089,1.692588937,-2.064036977
0.486714561,0.43630858,0.666703381,0.963403886,0.395978762,1.817875225,2.588562553,-2.511990769
0.74050446,0.882835941,0.149271851,-0.389726649,1.620976199,0.073034852,0.647893936,-1.420197919
0.961543035,0.062629672,1.119739099,0.151919023,0.448132513,2.10440941,-1.396727786,-2.953787371
0.537498432,0.945305831,0.724552068,-0.980060177,-0.7973954,0.410046623,0.782620326,0.538364252
0.914620615,0.070044131,-1.096068929,0.242855916,0.324278179,0.674091478,0.638939928,1.738339371
0.863401649,0.202659533,2.192455915,0.889555312,1.14831639,3.989087493,3.117843575,-7.58026733
0.105812336,0.712542482,0.548338713,-0.213423005,1.046999801,0.567362499,0.129546247,-0.654628402
0.368734161,0.91512462,1.196247298,1.373929602,0.877257268,3.325177432,-2.142765565,4.091683354
0.917078626,0.219653784,-0.538885277,0.218565981,0.552923936,1.181523789,-0.462829074,1.651395856
0.747627963,0.407347433,0.993636999,0.908412094,0.456165706,-1.096733611,1.785962134,1.307380432
0.788061843,0.040334882,0.926804111,0.503928945,0.800552652,1.392199106,-0.278476245,-3.085276965
0.071821973,0.917246727,0.670278757,-0.073445805,1.846449171,-0.188186707,0.469377722,1.79170809
0.225352997,0.863430377,0.609528017,1.621113993,1.267886482,-1.982140562,2.771107585,-0.35929816
0.70688515,0.04387927,-0.55993218,0.375546996,0.853952715,0.373217331,1.302772324,-1.251110197
0.717408833,0.347290119,1.033732954,0.613210309,0.967682317,-1.544009976,-1.182086513,0.771858499
0.057495114,0.985696405,0.239392907,1.634691974,1.070460741,-1.036282963,-0.899466758,0.726589562
0.118310781,0.143342277,0.393572265,0.124967517,0.339145872,-0.269892741,0.510150706,0.39007575
0.967549367,0.749545208,1.650369449,1.591272183,-0.987733404,-2.244983594,-1.239031082,3.392578202
0.637548578,0.37869608,1.28069928,0.946460176,0.475679676,2.809626683,-2.811965375,-3.56023268
0.354193947,0.283223961,0.699041099,0.494374229,0.479224501,-0.56590411,0.372053934,0.918583006
0.579808615,0.264045975,-0.120171126,0.048936555,0.510400719,0.249488613,0.434857423,-0.42961354
0.512036048,0.995809239,0.493840378,1.137827276,1.490523327,-1.622002245,1.81460951,0.165789578
0.690247427,0.015106628,0.763174769,0.363208852,0.376624233,1.653956714,-1.737365114,-1.629451117
0.133218955,0.355270194,0.459211894,0.921552842,0.340482785,-0.416456375,0.777120749,0.343923295
0.901126764,0.880198554,1.821983147,1.085399128,-0.634158486,-2.098450109,2.319477896,-2.74896526
0.983394816,0.842451723,2.023416928,-0.753356432,0.042700815,1.282861133,1.141837497,2.010251595
0.963223977,0.441419222,-0.094126091,0.081887334,1.32871488,0.080433972,0.659821159,1.972242523
0.280028489,0.265739522,1.101129912,0.701770299,1.142549377,-1.251286071,-0.498327285,0.655905815
0.875101107,0.372257347,1.355651043,0.554897565,-0.049977846,2.950127726,-2.640806652,2.070769556
0.958081409,0.274801023,1.192759195,0.086174315,1.01363843,-1.297269414,1.240799091,0.641821978
0.867702289,0.128096813,1.083173559,0.189195595,0.225794544,-0.17420908,0.371792706,0.362949256
0.919207606,0.010213549,-0.858997416,0.704144901,0.670542904,0.900847717,-0.225633297,-1.02807602
0.381608635,0.926397323,0.434566337,-1.266210413,-0.405435988,1.188610311,-0.585705727,0.70717236
0.739550373,0.648791597,1.37898969,0.790493296,-0.071518247,-1.633069743,1.415778156,2.589631267
0.664633949,0.773840305,1.568699746,1.603549781,1.573473334,3.728813735,4.536119635,6.030644201
0.06711184,0.543593155,0.656404345,0.731803246,0.935319051,2.317064463,2.756670988,-2.309724194
0.265252648,0.857929838,0.677784066,1.115068937,1.675070941,1.963044731,-1.542257601,-3.284314766
0.981318087,0.100362221,1.817105383,0.192131186,0.634411429,2.766548914,3.291602378,3.152743732
0.023039822,0.515956223,0.885996726,1.388969372,0.528768465,-2.085811254,2.413323097,1.02448784
0.484651378,0.684746108,1.375357744,1.392353488,-0.793033103,-1.833052292,-1.797439798,2.997809812
0.124318925,0.738751816,0.838858253,0.013190361,-0.035703155,1.395096613,0.784105668,2.671442059
0.956074631,0.361608264,-0.258599458,1.290413389,0.539373487,-0.530569453,0.751250427,0.588061238
0.895839511,0.057588979,-0.901977906,0.191934256,0.783643485,1.294818214,2.082409884,2.946113063
0.532946698,0.031758161,0.346317428,0.726584223,0.446069641,-0.768950571,-0.441726772,1.285314441
0.641385854,0.380096806,1.421642774,0.504209979,0.608750914,1.477861742,-0.327890423,2.109841668
0.899197063,0.162737206,1.255016054,0.352994527,0.73122423,2.433710652,-2.110093091,2.698831644
0.84137849,0.001135538,-0.531757618,0.01284212,0.65348388,-0.025401981,0.447095181,-0.01837954
0.120044612,0.802945744,0.285399122,1.002489399,-0.505459223,0.073624874,0.543708855,0.313897394
0.743024158,0.250157594,0.841787121,0.299564561,1.2972992,1.643329305,2.578450418,3.672624154
0.137344435,0.514026423,0.749287684,0.037680605,-0.488654214,0.007507139,0.471267883,0.793800652
0.09912638,0.965502205,0.657500436,-0.042034534,-0.739717656,1.275962959,0.832086056,0.783378576
0.636985778,0.943295951,-0.032821872,-0.47600952,2.010472981,1.134943434,-0.659702462,-3.625865262
0.428019611,0.312982061,1.366528401,1.135942931,0.080270252,-1.278178924,1.167930202,-1.089612345
0.819280068,0.946929237,1.221331283,-0.59422286,1.428604288,0.798124921,0.041864344,3.714017211
0.021219653,0.809292341,0.956825066,-0.772993325,-0.355244495,0.196493581,0.591956404,0.870307937
0.042931524,0.752430588,0.044021022,0.973296139,1.294018822,1.552376594,-1.830600693,3.127954754
0.322580806,0.918475155,0.531256479,1.55000565,1.473986503,3.194909111,-1.864840578,-3.864716424
0.171105631,0.242887462,1.199206142,0.911730921,0.441579268,3.038566734,-2.372162355,4.270315742
0.610389303,0.775721302,-0.594630563,1.749006037,-0.89451794,1.601095817,-1.757151917,1.149475395
0.507325215,0.337425619,0.34827155,1.24328724,0.247249011,-1.536486906,2.063941851,1.312932112
0.482605218,0.559692633,0.926500409,-0.116138552,-0.341505889,1.267230872,1.779151397,-0.33197796
0.043690467,0.801126366,0.649579868,-0.490152101,1.578308354,0.360346087,0.515820762,-1.189265023
0.448485571,0.426957747,0.7833136,0.519072511,0.79772961,1.379806493,-1.890883873,1.677247273
0.053727709,0.488042938,0.168339019,0.142850444,0.922759244,1.258617328,1.788904821,-1.864926808
0.372056789,0.475202408,0.060928968,-0.470811563,0.171573912,0.829230562,-0.623732389,2.112014432
0.596441619,0.542466947,-0.456487209,0.417524531,0.884640981,0.060550673,0.986933688,-0.487683925
0.519005007,0.453812927,-0.527480305,1.271920551,0.719059573,-0.315778667,0.673933137,0.581351273
0.852888044,0.162962205,0.231511957,0.466952731,0.80280339,1.11017586,-0.888107282,-0.809449222
0.887416855,0.184263998,-0.742081302,0.164588214,0.503682968,0.585794646,0.308456823,1.603033115
0.58224645,0.896221704,0.741567692,1.558968485,0.488773409,3.460603497,-2.593517919,-2.349157357
0.412900953,0.481486458,1.053834181,-0.291484984,0.332286875,-0.280234018,-0.138827,0.54204706
0.788578835,0.343061569,-0.560598522,0.543919865,0.723722463,0.014185688,0.879310844,-0.054309356
0.541064556,0.869261046,-0.290818558,0.955842721,1.631082077,0.158424242,1.168985024,1.568795511
0.933276438,0.00110757,0.263343866,0.048564398,0.499039217,1.280604189,1.038047591,-0.970264022
0.133113993,0.890204268,0.157552727,0.78795854,1.468047716,2.315295678,2.309878496,2.671948188
0.798359229,0.086731706,1.508328035,0.965911309,0.780289437,1.683438656,0.508761877,-2.980148197
0.588590177,0.523692255,0.192329987,0.776756376,1.226079577,-0.428176895,0.960716629,1.638515116
0.075332054,0.60777732,0.339125264,1.662059912,1.647383978,-1.638278317,1.389388647,0.332529483
0.946991668,0.330812243,-0.788268778,0.673315358,-0.157959412,0.732271873,1.104283002,1.253475641
0.100607592,0.162500485,0.311053069,0.48076206,0.583901473,1.675807268,1.96754118,2.726045617
0.085988343,0.629482427,0.118029772,0.72086189,1.280102617,-0.918035501,1.506428499,0.40688624
0.970643767,0.770920721,1.804062006,1.050803849,-0.877279142,-2.648804584,-2.280213812,-2.947710499
0.93737732,0.124934021,-0.56456193,1.107939765,-0.007452913,0.604432524,-0.327627519,-0.462712943
0.848939403,0.574649811,-0.076627753,0.683472577,0.631992315,1.496969946,-1.930791862,1.98530253
0.563247281,0.197841604,-0.338808879,-0.162537324,0.353704137,1.016978619,1.644481108,1.297053326
0.411558164,0.616152461,-0.150036802,0.136998241,0.18530187,0.561454645,-0.317536109,-0.526798133
0.590320155,0.11668095,-0.553364697,0.871936336,0.851106308,0.442307293,0.423885109,-1.104933129
0.004256737,0.032252733,0.916678543,0.602213169,0.306027325,2.48694517,-2.201090324,-2.21928799
0.368407964,0.527432608,0.694817982,0.018215694,1.479539209,0.090433296,0.31663354,-0.519696501
0.313713215,0.672955353,0.596544614,0.262494781,1.417545371,-0.657478744,0.703463261,1.361700069
0.656449272,0.939570757,1.23589031,-0.569075828,-0.352687559,-0.209574295,0.720728393,0.980590795
0.184593104,0.589342578,0.057068198,1.008699775,1.060282289,-0.828344687,-0.094649649,0.090602218
0.607260548,0.069347488,1.403452349,0.105822678,0.540605309,-0.343906952,0.486574892,0.759493926
0.557954129,0.557291096,-0.32374879,1.36756473,1.038887915,1.239385589,-1.136053704,3.113364778
0.467234207,0.717900637,0.200677656,1.374754618,0.725357861,2.807031797,-1.553968786,-2.975112472
0.324339596,0.084139845,0.504716548,0.879163523,0.606659873,-0.770114856,0.091021951,1.146753265
0.004445803,0.558875944,0.316060064,0.048958966,1.30854719,0.573335634,-0.080120235,-2.056875316
0.517817365,0.079723062,0.076538411,0.498959779,0.772281952,0.884892496,1.7359302,1.783169182
0.116391652,0.308028649,1.006062927,0.929919564,0.489381123,2.864130932,5.587594495,-3.692227464
0.40442852,0.238163199,0.556728063,0.660292287,0.409589634,1.682491041,-0.6465765,-1.374561069
0.692565548,0.341484971,-0.358989549,-0.299306836,0.339817446,1.53923825,-0.494103199,2.3506784
0.543968434,0.173229973,0.852644222,0.434704626,0.041302887,-0.392868735,0.618521645,0.550333232
0.864934576,0.058187152,1.339599619,0.341689887,0.338359268,-1.401169269,1.755629648,1.151499931
0.070679442,0.310863572,0.915958625,0.467031762,0.394619251,1.511942514,1.857069348,-1.127741385
0.36559884,0.999688181,0.688006862,1.283027184,1.714219305,2.015767303,2.427996432,3.497683624
0.356056574,0.826423156,0.656044436,2.007030695,-0.86016565,-1.372873488,1.656760253,2.561456736
0.21071812,0.7405516,1.10116952,1.124147715,0.056660146,-0.878908222,1.701147225,1.195917138
0.574582475,0.361019869,0.275059915,0.298024977,0.350520231,-0.142116891,1.107947714,0.693452532
0.722955564,0.002901593,-0.252379011,0.101932514,0.832007507,1.035436667,1.250556938,-0.707055899
0.672858415,0.101943128,-0.817234441,0.048649192,0.356327656,0.218276585,0.333505674,-0.250183055
0.34761623,0.361209097,-0.395192947,0.834387045,0.141644701,1.279230197,2.118590597,-1.375798358
0.899650525,0.392164692,-1.10929618,0.711116312,1.033051768,0.35587165,0.215327271,-0.623445995
0.538417518,0.277426079,0.874016884,0.288419798,0.514158963,-1.200156974,-1.305619342,0.568137063
0.655311748,0.887540796,0.864482408,0.594483519,-0.698886508,-0.496748363,0.026733167,1.954983555
0.641861763,0.476579931,1.65933298,0.797823912,0.082037734,-2.027846745,3.340812196,-0.834837777
0.15198004,0.993049596,0.4370187,-0.609803734,-0.27582752,0.029930698,0.936500642,0.780868446
0.07663701,0.07403694,0.087880565,0.728018728,0.104756738,-0.038828578,0.758368912,0.243824392
0.037522528,0.561122796,0.076664514,-0.333559768,0.855277279,0.295441412,0.53696366,1.836168113
0.101310555,0.311629309,-0.038614318,0.650808279,0.041159535,-0.151743968,0.827388067,0.989846023
0.448089599,0.21244658,0.385588514,0.23614041,0.097969552,0.777141097,-0.272889984,-0.69050227
0.519871709,0.266295155,0.295579725,0.592565917,-0.196767471,-0.397231284,0.019450772,-0.45651281
0.027527298,0.367911451,0.798685035,0.199236822,0.463419097,1.579704209,2.89863264,2.460552017
0.708254388,0.008193304,0.625287043,0.326468645,0.407976604,0.981770782,2.1489019,0.98086443
0.677132127,0.321129354,-0.096177823,0.891213264,0.313581624,-0.651379753,0.182171475,0.775439439
0.996856162,0.810286472,1.108235755,-0.604167239,-0.098574631,0.723638451,-0.349682849,0.056447034
0.0733022,0.407958936,0.85708243,1.483234679,0.448310075,-2.468526251,-1.080494829,-0.266261293
0.783091482,0.151140324,2.050652786,0.776129296,0.762559976,4.25345263,-1.75932671,-1.962676954
0.933954966,0.857791358,1.275772201,-0.16795883,0.960738931,1.279261223,-0.531220476,2.26458906
0.889245065,0.438782273,-0.864692168,-0.151123554,0.514993733,-0.820611448,0.790479456,-0.110087409
0.324115648,0.64984921,0.588148206,1.327604045,-0.401992779,2.497662875,-2.474870169,2.978429659
0.913924632,0.277450139,0.208898615,0.998288083,1.126895796,1.639498679,-0.938338005,-2.386188261
0.318839935,0.956296488,0.975686637,1.403134208,-0.041033522,3.238521601,-2.058075224,-3.968909023
0.965622212,0.327514527,-1.040796877,0.908264356,-0.422945976,0.488515142,0.645291908,0.231639654
0.45729472,0.676984297,0.379165707,1.651022594,1.047325005,2.250122118,-1.076536144,-3.709083444
0.189853987,0.67081291,0.813055202,1.941528882,1.205170317,2.998035071,1.948428555,6.048353307
0.251427506,0.805065081,0.4777614,1.35529573,-0.869870837,2.726902093,3.023067068,-0.428471949
0.691417241,0.352595474,1.157949459,0.184478463,0.128749216,-1.166161963,-0.341340484,-0.83495687
0.988155081,0.953547482,-0.262897529,0.638817302,-0.709872981,0.062766956,0.668002331,0.297011998
0.120483447,0.926080724,0.160603202,1.247352468,2.501389013,-0.61653932,0.43418632,3.490923071
0.598687956,0.03782703,-0.195875118,0.054750376,0.347347068,1.070455466,-0.2036087,-0.872510562
0.145387333,0.438644183,0.916576041,-0.056430498,-0.238951559,1.944927645,2.011608652,-1.227446642
0.211219099,0.425782572,1.134520285,0.462782352,0.828326994,-0.359610455,-0.191499559,0.539990891
0.790508616,0.263490075,0.055712234,1.240460218,0.736789884,-0.667800851,0.669176727,0.909212143
0.49929652,0.392108146,0.317062033,1.441983524,0.080826334,-1.261820025,1.991570883,-0.333613661
0.327847966,0.842191649,1.207820054,1.129591006,-0.088172156,-3.097284042,-2.690497274,-2.712116747
0.590685203,0.507202095,0.829068599,-0.056289696,0.392242539,0.664951831,0.952106123,-0.447961283
0.392274952,0.00326695,0.552728831,0.947171881,0.701279333,3.123988329,-1.770972547,3.678949727
0.519296979,0.825597703,1.341524581,-0.612086703,-0.59174745,0.649026779,1.188701131,0.519241441
0.113863601,0.251868567,0.011385823,0.428992149,0.590816268,1.19597394,1.596996742,2.716961297
0.743527797,0.523681278,-0.304539847,0.365401058,1.139351485,0.893677998,1.615003938,-1.03826613
0.127191083,0.458844602,0.469320267,1.036075851,1.105823337,2.128717689,1.901604709,5.516308517
0.01169409,0.117360129,0.901365264,0.606832386,0.351120569,1.823465448,-0.855606489,2.357305813
0.952352344,0.700190502,1.151409335,1.188164565,0.047643592,-1.204990082,1.94232854,1.698262907
0.326367895,0.383719348,0.245507902,0.853477988,0.888286156,2.480619827,3.899669471,3.874503272
0.942272066,0.268246798,-0.552559628,0.514859559,0.858106404,0.049724386,0.770839671,1.138779531
0.052755106,0.775072975,0.260141781,0.010927522,0.727575719,0.53558787,-0.150767709,-1.442889855
0.054179134,0.380192433,0.078472337,0.691286598,0.38465766,-0.647493752,0.102862117,0.372269671
0.522662656,0.346737437,0.157360154,0.295683048,0.117035618,0.961379272,1.662679456,-0.431546075
0.570361353,0.319071023,0.210916831,0.323195674,1.027102843,1.518263029,1.25779534,3.810009249
0.465627996,0.125559877,0.58880562,0.497274458,0.50814909,2.07878108,-1.881639468,2.052468672
0.527047337,0.407949904,0.85355364,0.078219823,0.42823287,-0.375995261,0.401384048,0.383193376
0.090467711,0.600764956,0.433216643,1.496576711,0.776031597,-0.979519338,-0.783585386,0.703957647
0.044164091,0.235826168,1.011264419,0.84912778,0.504555927,-1.23644179,-1.290612863,-0.834399375
0.430739663,0.97921162,0.284452186,1.544184459,1.824205817,1.995395339,-1.888795771,-3.601786272
0.491020285,0.741759268,-0.467962699,-0.052465711,1.053788836,1.656305881,-1.942880972,3.8354286
0.75190647,0.491239651,-0.231159919,-0.513530373,-0.503610004,1.580703295,-1.334116757,-1.297654809
0.143143008,0.688704199,0.035228862,0.937889342,1.183966517,-0.266131823,1.195408121,-0.094214481
0.763606064,0.509310366,1.55028053,1.278448428,1.553073422,-2.672128944,3.948540889,1.32107644
0.438766118,0.037548813,1.492546366,0.081525213,0.703573847,1.270236947,-1.07916317,-0.33093674
0.149242419,0.002814524,0.875015948,0.721171012,0.564014989,-0.486524068,-0.296665371,0.85016013
0.788473293,0.036653926,0.02413659,0.958529605,0.300204912,-1.040223905,-0.531553746,-0.534287638
0.668015507,0.882900871,0.152505965,1.531666079,1.428859245,2.471710026,-2.180278887,-3.180308591
0.504432891,0.350924737,0.578905362,1.313750299,0.01127242,1.685186342,-1.203048445,2.611417324
0.730994938,0.851199882,0.421152777,1.408781292,-0.357757354,2.609170388,4.048786769,1.871641958
0.815213175,0.612813137,-0.545470665,1.675493877,1.564776074,1.763339717,3.020355642,-2.932318219
0.123012165,0.900215698,0.454371791,0.995150132,-0.194259691,-0.473238451,-0.211483029,-0.265413506
0.8919976,0.274150971,1.623488166,0.934684412,-0.312092623,2.69561043,2.778271299,-1.364878226
0.551020696,0.888234502,0.80174196,1.778889718,1.479289292,-2.125510942,1.692369626,1.515219157
0.563854163,0.895635315,1.462016806,0.063339875,1.255369021,1.580094619,-0.587929674,3.814030961
0.103511719,0.744863332,-0.024362017,0.96903007,-0.118237165,1.354024467,-1.356237707,-0.869016137
0.840903122,0.22759313,1.179924313,0.167199275,0.579833465,-0.320585343,-0.235005106,0.027494983
0.981548688,0.992841087,2.007107601,-0.030752425,1.521651351,-1.198194883,1.232102702,0.13345431
0.683535779,0.825104663,0.161250396,-0.689401784,1.473001602,1.076756654,2.485864915,2.472467164
0.911280111,0.142169796,1.392167895,0.773854176,0.816425983,2.51727041,2.428122419,2.989578348
0.741161554,0.609355779,0.188303288,-0.037021864,-0.337523972,0.505863212,-0.223732798,1.17350092
0.115097151,0.252327877,1.125251311,0.198516339,1.02377449,2.121868608,-1.45784651,2.382789911
0.908581092,0.544710852,-0.328751252,0.070933006,0.110822712,0.564730902,0.676550136,1.562244512
0.820786842,0.647257476,-0.034911297,1.683277495,1.027656954,1.318020475,-0.753070125,2.486356557
0.715595963,0.486731056,1.445881411,0.935173246,0.469529476,-1.587539334,-1.274776661,-1.621288445
0.600597559,0.810726874,1.177484396,0.054073944,-0.935757375,-0.353888016,-0.047591181,-0.810305459
0.344523485,0.564404729,0.370601768,1.603330553,0.584930267,-1.520685906,-0.790158452,0.181732182
0.525352183,0.555468016,1.521917104,0.365122548,0.938687313,2.067756475,3.163023968,-2.583839461
0.05777565,0.962688448,0.716887101,1.96212927,1.6972496,1.568343565,3.140480969,3.988628463
0.735684198,0.537243688,0.173972448,-0.316782304,0.975849306,0.448880407,0.191699765,2.371980187
0.177829446,0.225859189,0.200747943,0.569753656,-0.005519195,0.816210155,1.278573774,-0.410819679
0.769756461,0.144036484,-0.193127432,0.793622067,0.282377908,-0.302064405,0.502995229,0.543438919
0.49000178,0.873649119,-0.551500318,1.806977569,1.799206937,1.934429459,1.977673226,-3.314791982
0.068726549,0.15327984,0.605145211,0.480328433,0.578767026,1.647332414,-0.588113743,-0.608566406
0.214361229,0.214868104,0.400189578,0.274712684,0.611638432,-0.33370911,0.2972787,0.82722235
0.847273048,0.889075188,1.805168511,0.769256401,-0.584459752,-1.84351402,-0.418969163,-2.081292979
0.926357462,0.996195537,1.424801538,-0.765456284,1.460165535,0.9928385,-0.45231282,-0.469983193
0.519160608,0.254692463,1.412822075,0.861489399,0.632031618,2.407250366,2.619895052,-1.618923665
0.565577569,0.685530677,-0.292922999,-0.326177145,-0.583166791,1.3359095,1.584272213,-1.021115761
0.842545748,0.258853892,1.275097418,0.922884452,0.351746017,2.45989657,2.5183762,2.749730542
0.526972188,0.460964421,-0.018247713,0.942497544,1.68337703,-0.639630532,-0.219133325,-0.031978199
0.551827226,0.598418033,1.131490949,-0.255913063,1.151391342,1.220469642,1.942244974,3.807280946
0.428513389,0.03241531,1.114742168,0.362816598,0.931886135,-1.198000823,-0.474165571,1.185412235
0.529968797,0.640997245,0.412858278,-0.204971485,1.170332966,0.636151031,1.454958587,-1.378613999
0.860472084,0.025477783,2.010976178,0.58415701,0.532055772,3.486959761,-2.124342945,-4.001215909
0.382571438,0.140588019,0.081657869,0.468241672,0.339878798,1.259919275,-0.499399971,-0.657275641
0.36168216,0.002677188,0.642323237,0.538328853,0.576398607,1.440261701,-1.329262792,1.374130719
0.202206178,0.393845049,0.385208523,0.118003557,0.488203168,0.518034907,0.319889637,1.620845535
0.191091349,0.200482755,1.069689872,0.88076545,-0.118297275,1.489844307,-0.930123978,-0.69781357
0.903485419,0.327684157,-0.206633592,-0.078406042,-0.152333663,0.448700651,-0.433553786,0.497063239
0.424618589,0.659192804,0.561201273,1.605728502,1.202731253,-1.393462331,2.075623616,0.235021743
0.31391257,0.772849463,1.152161005,-0.319000614,-0.447850086,-0.175299612,0.315319201,0.582600044
0.991813941,0.108600167,1.158770777,0.716398976,1.01744627,2.985155826,3.158092163,-2.962441681
0.416520571,0.387239176,0.107871982,1.278512226,0.681603696,-1.212106292,1.22208025,1.190776475
0.035946764,0.203124093,0.466878022,0.483711004,0.59938957,1.976405009,3.188814014,-1.617665935
0.024800783,0.195132692,0.223796612,0.29353233,1.056809699,-0.029189515,0.412083783,0.149562484
0.542237583,0.933608759,-0.492002675,-0.637840149,2.104547424,1.553923276,-1.387341863,4.350749121
0.168248819,0.307468807,0.8351323,-0.226649842,0.117508383,0.91135564,-0.113828147,1.367154977
0.195301799,0.452504911,0.505585038,1.06196524,-0.158355685,1.577049719,2.481071538,-0.931425389
0.654376418,0.632055155,0.127350607,-0.165337841,-0.602396732,0.860025422,-0.584864907,-0.292903171
0.45472066,0.833034542,1.342576807,-0.23241925,1.161765336,-0.774619484,-0.360678015,0.741936225
0.773989076,0.335093918,0.828761618,0.263920616,-0.096090131,0.948096896,-0.812587152,1.408660068
0.916345838,0.192866144,1.28805197,-0.077262247,0.686549029,1.110289508,-0.871745579,-1.331687149
0.71505132,0.664038318,0.049424188,1.628838296,0.650760517,-1.493105339,-1.30091259,0.771248423
0.124292451,0.852707247,0.637122918,-0.127711331,-0.030587524,1.202340203,-1.024651662,-1.200399771
0.551010873,0.39590007,0.236206768,0.516920739,0.486407171,-0.120992293,0.879881027,-0.167698459
0.858219649,0.712341195,0.937710666,1.297922392,1.6013978,2.27910682,3.496177344,4.954818656
0.624770047,0.614951473,0.015619804,0.671906393,1.04467635,0.080497458,0.378768766,1.907683619
0.56402806,0.548080218,-0.368046106,0.655376235,1.303169242,-0.094376604,0.408420197,1.850297131
0.771341548,0.707161389,1.254725753,1.446366263,1.53385562,3.126758467,3.79350502,2.422597937
0.308431314,0.718656271,0.805732845,1.038740352,1.485051769,2.618670223,-2.425603005,4.181730998
0.411703033,0.103069809,-0.402384305,0.759889001,0.063799791,1.078353133,1.183802354,2.442626174
0.516780871,0.862624794,0.834834938,1.552199134,0.96585394,3.715047448,-2.932840346,-4.820709823
0.579091791,0.892795325,0.106527375,-0.906139131,1.106739976,0.209473364,0.191089732,-0.485199812
0.196281217,0.001550105,-0.112814629,0.194457822,0.323024715,-0.066385901,0.767919545,0.68227861
0.122517836,0.98825491,0.584436345,-0.794777748,1.935101729,0.600487844,1.155344597,2.904647679
0.739281294,0.828476358,1.038407693,-1.010124022,-0.13742762,0.709319947,0.505325023,1.730028951
0.541397639,0.666554535,1.167506588,1.548307438,1.755050815,-1.829165255,2.749814407,0.150957953
0.202293279,0.950947995,0.466438157,1.152410766,-0.016185018,-0.141846982,0.181083198,0.290525294
0.704689437,0.488923399,-0.143226185,-0.272127072,-0.567309639,0.275680735,-0.322804707,0.470429056
0.312219805,0.129281607,0.961206005,0.404623443,0.741136943,-0.680426208,1.633994964,0.194136555
0.104301636,0.296742352,0.955554243,-0.068445403,1.077308997,-0.508409935,0.607136517,1.389823736
0.808639814,0.374495761,-0.240691932,0.145577542,-0.043011273,0.673390097,-0.803183576,-0.531147432
0.84368067,0.656179317,0.048151194,-0.947771918,1.685515575,-0.17683878,0.29012483,-1.296237037
0.47520475,0.338569925,0.867504857,-0.188897296,1.03610057,1.645539176,-0.493915793,3.23453722
0.793508117,0.670160353,1.409816145,0.029588063,1.406164666,2.62413254,-1.78516022,2.964860383
0.645676964,0.383853974,0.777833809,0.862935499,0.707214747,2.650084917,-3.031464868,-3.752844067
0.14680649,0.564821795,-0.184314662,-0.094957903,0.149770355,0.632279477,1.017492824,1.687053237
0.35580148,0.281427664,0.441689578,0.49476093,0.467806166,-0.900602889,-0.134022682,1.011234536
0.826313056,0.30567048,1.674051755,1.014935853,0.900810183,-2.299215602,2.501117895,-0.228279958
0.08611861,0.759669851,0.776494338,-0.092816218,1.169242461,0.783312752,1.36768701,2.724790792
0.193124611,0.34426332,0.812474906,0.386298062,1.278062261,-0.805121341,0.350636876,-0.227776776
0.581618168,0.065275884,1.093925441,0.690550379,0.900896288,-2.35177571,3.070538483,2.027167669
0.934151369,0.890405475,1.458243471,1.411847709,1.758626809,-1.795266846,-2.157453758,1.033695306
0.330001813,0.679010717,0.296105109,0.923120498,1.172137246,1.829525248,2.032161654,4.328465929
0.89611296,0.669979983,1.594717456,-0.266700558,0.995430054,1.59861161,-1.270016903,-2.613122182
0.950942623,0.791683882,-0.195364419,1.024099314,-0.452094881,-0.446118948,1.164856886,1.649500317
0.573029812,0.721283332,-0.207125641,0.709709409,1.483115157,1.450704781,-1.432313274,1.90367254
0.73442064,0.878396905,-0.604227496,1.396618645,1.320809927,-0.758350494,0.076106667,1.2229025
0.342583864,0.940908901,0.058252801,1.765759571,1.352896669,-1.042478057,1.178149683,0.532954278
0.406566783,0.633210525,-0.08282339,1.635663905,0.02493788,-0.558666271,0.731762272,0.887561256
0.266563433,0.357182777,0.579987761,0.27961983,0.618898486,0.0315926,0.585745293,0.338912236
0.914485571,0.554460559,-0.891671517,0.02626124,-0.054624887,-0.512717632,1.007559769,-0.416190377
0.334993783,0.61866879,0.855845151,-0.450402716,-0.211722193,0.735824148,1.527688692,-0.723320036
0.127301666,0.976251445,0.748980858,-0.205937416,-1.077875424,0.487154481,1.236472548,-0.145399716
0.666605546,0.543052304,0.064469774,-0.09873125,0.224397815,0.901518507,1.544253679,-1.580903176
0.625780688,0.056868884,0.057863069,0.583892654,0.113984027,0.88421624,1.346152408,1.797244761
0.079264168,0.440853237,0.078557016,1.228848375,-0.436507824,-0.498572801,0.829042828,2.378235013
0.684647831,0.504231629,1.584411057,1.089210486,1.038998849,2.782821608,-0.376838765,4.794207992
0.997269186,0.947388624,1.297038221,1.852014477,1.517068106,-2.583950689,-2.069118632,-0.422434754
0.84707543,0.335968101,1.60154228,0.437125904,-0.264772216,-2.128619199,2.535652598,-1.872090727
0.679681011,0.003738788,-0.530182024,0.625809265,0.253445811,0.383378357,0.201378001,-0.417465552
0.206151411,0.81915039,0.440637499,0.841408173,-0.267361655,1.984589791,1.66032096,2.832806635
0.869119287,0.938422382,-0.466972778,-0.016605582,1.530400215,0.287289693,0.78219251,-1.143659553
0.348579925,0.857835345,0.454261346,2.072911017,1.88955427,-2.207604198,-2.34032737,0.307089535
0.157609763,0.861456643,0.878048541,1.185424252,-0.243373919,2.189700479,1.968456812,2.499054824
0.044757997,0.833231501,0.577515319,-0.564261868,0.84383268,0.653988759,0.788679196,2.247993647
0.208010448,0.957561883,0.657619786,-0.717184982,-0.733845978,0.128663959,0.290454522,1.015441692
0.414743859,0.087081784,0.788923592,0.50001573,0.526075457,-1.234146662,1.325819636,0.625894007
0.075159251,0.007464702,0.502414753,0.32918926,0.095215971,1.041179657,1.12768351,1.876240442
0.396308868,0.958109259,-0.170400861,0.117405703,1.14456787,0.563281684,0.772443621,-1.124562355
0.655247674,0.833165083,0.742542457,1.251852411,-0.548350223,3.266054178,2.969766658,4.115355925
0.361835729,0.860966507,0.591842279,1.017140994,-0.174858022,2.374284408,2.372308963,1.642668112
0.260702855,0.127179891,1.158812374,0.375805607,0.656726175,-1.415104923,-0.857607283,1.446810739
0.992303612,0.65860061,-0.601233966,0.341942706,0.121068552,0.191880221,1.072531555,1.195609742
0.803023562,0.223939795,-0.50586834,0.765712293,0.012519639,0.599686742,-0.597445541,-0.236883354
0.068435918,0.758998795,0.610282157,-0.629200773,1.492764289,0.826717737,-0.392399671,-2.044253181
0.142761124,0.724956685,-0.121569626,1.082519071,0.708582302,1.009815036,1.708325962,-0.839410209
0.748242248,0.138230511,0.532858476,0.917131417,0.64433624,1.180470317,-0.506654183,2.223529134
0.117112129,0.590689609,0.287232951,0.290861031,0.513661261,-0.531796019,0.524556508,0.386789702
0.118374801,0.989137667,0.711067611,-0.067075016,0.00853544,0.552872438,0.292873339,1.038445895
0.705439718,0.14819712,0.11680204,0.720060296,-0.089126637,1.682564881,2.792734586,2.137179028
0.249200785,0.662119656,-0.184639516,0.575826278,1.098645193,0.233729311,0.590430695,-1.19623756
0.182646493,0.864934683,1.092264322,1.274817619,-0.252979001,-2.841772049,-2.75254356,4.139411434
0.449966909,0.488897975,1.219117617,0.80320518,1.323101992,-1.49743562,2.325946501,1.21507228
0.947167098,0.66133098,1.796552746,-0.278885683,1.282502054,-0.663070114,0.618785341,1.712965018
0.975975937,0.089338781,0.829491058,0.60188885,-0.073875907,0.064163658,0.3259125,0.175726628
0.097971931,0.400383999,0.711276191,0.870434553,0.528267047,-0.669725168,0.72609135,0.392273445
0.08734233,0.626143123,0.138060369,0.882261583,1.625219395,1.439121525,2.505190799,-2.424626488
0.322417277,0.48911053,-0.267977191,1.49709365,1.053127301,1.819734341,-1.315849109,4.717598596
0.769581853,0.874224931,-0.182789451,0.237394592,1.207744324,0.207093852,0.37768066,2.074122266
0.859900116,0.369667328,-0.171428345,0.188488137,0.443361627,0.818873715,1.536757669,1.878963472
0.917863474,0.188187062,-0.635003499,-0.129208468,0.176707086,0.111531564,0.610768439,0.387837484
0.593206912,0.91002598,0.901269487,1.340996564,0.01597877,2.517529428,2.871527194,-1.073275051
0.084976594,0.538237663,0.765565755,0.563320857,1.341596179,-0.908263017,1.37033477,1.609636434
0.993572449,0.755786423,1.290011287,1.047736223,-0.781500419,-2.033815008,2.219634519,2.839450482
0.459373894,0.609833392,0.083953603,0.157201562,1.336470941,0.730015718,-0.035194122,3.48985605
0.603806049,0.991287817,0.161691536,-0.565176973,1.542292824,-0.21520898,0.781672237,-1.164717275
0.512303408,0.529018935,1.692226632,0.485690971,0.553062828,3.589310354,4.561499693,4.358943805
0.947579647,0.600610033,-0.221405572,-0.459039086,0.20834582,-0.390020957,1.056825679,0.81048279
0.481722524,0.853086186,-0.528319147,-0.138559578,1.492221756,0.297136077,0.385840189,2.321138911
0.479578168,0.97951627,0.98083484,-0.564198578,-0.559936051,0.286808377,1.200718138,0.121539154
0.88822216,0.942073369,0.840432334,1.147080702,1.556733664,2.552510743,-3.058593344,5.669715103
0.936896901,0.178736393,-0.886197639,0.324659769,-0.038026939,0.708364957,1.62154289,-0.149532487
0.260876615,0.924785482,0.765562757,1.670575979,1.012355495,-2.099411089,1.754776822,-0.443387044
0.920584572,0.695353749,-0.564253679,1.702900222,0.929323165,1.28272229,0.850032682,-1.936814565
0.759611733,0.275288351,0.696971774,-0.155816389,-0.167613386,0.429562417,-0.112207812,0.764110415
0.712893397,0.497029984,-0.083721451,-0.129544007,0.304171083,0.262207636,0.801809341,0.350125303
0.209002174,0.957666126,-0.060532067,-0.295422819,-0.151784149,1.219994784,2.473057529,1.351647116
0.887884037,0.532458274,-0.398491759,0.107477317,0.000341078,0.826105459,1.198643746,1.487693969
0.188947864,0.360302093,1.147620557,0.776177845,-0.276103259,-0.567951923,-0.147610615,-0.260427857
0.436322456,0.277151549,0.025986154,0.963921271,0.505455518,-0.889072467,-0.055544045,0.507071411
0.767983076,0.933883131,1.008338896,-0.948767045,1.582260479,0.550383528,0.866793905,3.391530128
0.383796511,0.948402195,-0.289144041,1.343350962,1.619986264,0.983908593,2.189397904,3.810963947
0.905151639,0.804118514,1.636493072,1.399574442,-0.482940954,-3.760905354,-4.434462708,-4.441131545
0.883244018,0.750727839,-0.278837478,-0.305543593,1.454695909,0.765999723,-0.653903523,1.988945566
0.332372285,0.918721429,1.309339066,-0.492699116,-0.339306165,-0.603163141,-0.311179503,1.355311043
0.942887515,0.038626648,1.328105424,0.6673825,0.160314218,-2.124234607,2.763875028,-1.949814942
0.190783579,0.833751608,0.645520139,1.526194379,-0.635709608,3.168541671,-2.237804807,2.887259588
0.684732368,0.541503604,0.924285212,-0.156261208,-0.605429508,1.310544766,-0.584101506,-0.447082371
0.578094769,0.684762825,1.252379644,1.475778914,0.431448885,-2.120403642,2.006409232,2.582644083
0.644009968,0.134725497,-0.521677543,0.765328951,0.091226867,-0.037856529,0.518876267,0.663215144
0.083623285,0.943599725,0.018151485,1.21744857,1.208371935,-1.184401467,2.312842184,0.370103922
0.119036484,0.748515413,0.477676465,0.98794423,1.179987909,2.473527702,2.931181931,5.417401543
0.039805852,0.345566901,0.124580666,0.262223185,-0.339245623,1.034648298,-0.653688611,0.938095454
0.542892564,0.389218625,1.035181864,1.019772822,-0.068358524,2.317172094,3.102403381,-3.022023713
0.658414618,0.779740439,0.291532543,-0.259961186,-0.094687918,0.196773872,-0.007258484,0.21551048
0.842408875,0.25692854,-0.016462524,0.563394647,0.46052765,0.719013504,-0.70353215,-0.277901064
0.403816604,0.912753588,1.06996867,1.442085721,-0.226530255,2.036499263,2.538114474,-1.887019585
0.692096108,0.187788892,-0.640342788,1.060278816,0.629739149,0.680522033,1.392092354,1.817624133
0.855888074,0.753144641,-0.650027702,-0.131805725,-0.648350353,0.282349036,0.652120193,0.719437371
0.737337561,0.678272674,1.089305218,-0.78409164,-0.298661894,0.880341837,-0.919006485,-0.153657368
0.529948805,0.064697925,-0.44282097,0.528216714,0.04313384,0.818572793,-0.223077019,1.344600939
0.672891175,0.463079525,0.597552289,1.242715407,-0.028206609,-2.588114676,-2.454708567,-1.968355801
0.884165204,0.62741254,1.560159217,-0.236945515,0.061176421,-1.31409627,1.313231499,-1.202668748
0.45015956,0.026033539,0.332752362,0.094837059,0.824205352,0.489271173,1.103991925,1.491198176
0.3419196,0.400919818,-0.2366565,0.013069041,-0.534891239,0.333930542,0.080191889,0.693013354
0.892203209,0.017490667,-0.39907976,0.260238414,0.913445718,0.678633785,1.180249413,1.990153916
0.085718978,6.38196E-05,0.705301112,0.546145022,0.864084801,-0.819360347,-0.31740057,0.166920287
0.086612319,0.567628887,0.815748121,-0.444131501,0.395097683,0.863161115,1.740161101,-0.246975604
0.195490403,0.684341689,0.528930592,-0.290800289,0.923117256,0.869741926,-0.738996459,1.502842294
0.587619835,0.600777103,1.204007725,0.381907015,1.049044078,2.052386892,2.776247361,3.611188992
0.347187213,0.057468248,1.149727891,0.753552083,0.276850477,2.88633972,-3.082828997,3.34875585
0.915759566,0.066578009,1.456119322,0.593367636,0.553264815,-1.713008248,-1.772011677,-1.087182035
0.243309977,0.980704414,0.907546302,1.28284325,0.940661412,-0.949776789,1.485052805,0.404654824
0.410735864,0.829158581,0.105404027,0.320844191,0.862400932,1.068048221,0.91355823,-1.659690565
0.832663313,0.94286927,1.582621523,0.003614339,-0.970481986,-0.427297606,0.194355673,-0.198218403
0.332829714,0.770969335,0.994261757,1.346524394,0.23038912,-1.811833382,1.692743952,1.899172806
0.047748802,0.928290361,0.938003059,-0.630482538,-0.036216324,-0.020944882,0.217019271,0.72480627
0.483512738,0.913980936,0.274005692,1.428818937,2.091016868,-1.09099553,1.267353029,-0.980396054
0.821921553,0.460233681,-0.215211043,0.020623834,0.584212313,1.072988631,0.887251222,1.690367939
0.617976925,0.314721069,0.938100139,-0.406012652,0.405394004,0.07204744,0.135714072,-0.114643284
0.210818924,0.549700101,0.881505915,-0.72998912,-0.561407652,-0.109624568,0.487436409,0.731174995
0.311414543,0.203994541,1.055165212,0.169570004,0.693838951,-0.343498528,0.800276469,0.639252853
0.677534943,0.625431085,-0.169942436,1.660078495,1.427879882,-1.595079821,-0.618609776,0.894935975
0.090730705,0.565076191,0.560123813,0.057531048,0.977794261,1.299920342,-0.908564568,-1.445145792
0.199258244,0.517930789,0.789617398,0.866325542,0.035863829,-1.349350702,2.040203275,1.180580481
0.39902727,0.190641236,1.238684487,0.551681597,0.329048915,-1.266584436,-0.954666375,-0.182915517
0.105870567,0.963228454,0.288271794,-0.82482081,1.369887314,0.210733393,0.50649832,-0.134013945
0.602568728,0.679698813,0.220501347,-0.605846888,-0.131605256,0.908195511,1.974941085,1.879807066
0.695405351,0.980426732,-0.289626355,1.814860889,1.981640995,2.164517856,-0.900468502,-3.812214843
0.767490147,0.675652044,1.498821281,1.400687194,1.667040001,-2.963458956,-3.063869094,1.270589242
0.274559375,0.801341165,1.228042688,0.122195533,0.199549804,-1.634498873,-1.20418801,-1.695607876
0.794813991,0.941172533,-0.178734308,1.74728641,1.431890557,-1.484310587,-1.431171733,0.218761749
0.203117431,0.843335718,0.123235372,-0.096734983,-0.028903442,0.7845509,1.831946458,1.376633833
0.032647353,0.455640456,0.191414455,-0.021372999,1.150922896,1.1201188,1.184837849,-2.956132867
0.550899245,0.935396955,1.257937766,2.11333689,1.916614709,3.532202017,-2.527512865,-1.856593727
0.020379573,0.660011683,0.506744646,-0.424995335,1.562329552,0.628903611,0.824715414,2.65135356
0.645706247,0.748647387,0.067925124,-0.57748375,0.80086858,0.230803447,0.4704737,1.506922273
0.100327135,0.928691357,0.718019035,1.738193201,-0.053697601,-1.035711943,1.79955478,-0.904880519
0.701059461,0.247439641,1.00329885,-0.194914843,0.326997727,0.936094082,1.701503307,-0.418950048
0.913072008,0.014228889,1.80490799,0.453012441,0.272012815,3.190391169,2.987164509,-1.973720185
0.096825233,0.278066385,0.136593868,0.851139952,1.247505453,0.910969262,1.572562289,-0.988761372
0.912847095,0.038329127,1.514781328,0.979751006,0.901581513,3.902664244,5.456826462,-5.485431462
0.277370967,0.841064069,0.385476058,0.183576868,-0.783625013,-0.329448653,0.317794185,1.09473367
0.659117176,0.643854709,0.958435165,1.615230898,-0.156227744,-0.301933077,-0.087962093,-0.126861557
0.14910161,0.039441831,0.403157676,0.890224055,0.376496731,-1.007274472,-0.257484054,-0.333225159
0.601983491,0.716599876,0.08212792,0.002710217,0.026191277,0.243270984,0.398877445,0.763462287
0.033670782,0.721300337,0.536505243,-0.120636818,-0.647629,0.371803149,0.559882399,0.561474826
0.788742446,0.157286209,1.59332366,0.542927173,0.516262298,-1.942224677,-0.629764374,2.129539736
0.809596628,0.322774685,1.761170145,0.445918586,-0.255735793,2.11851536,-3.083831903,-1.343139134
0.798141074,0.250643942,1.244958452,0.20849016,-0.126188209,0.911885137,1.378141358,1.278737977
0.376836937,0.051625022,-0.203961834,0.34406287,0.854483685,0.658258562,0.18470821,2.991385292
0.671659877,0.923323719,0.6295759,0.827960036,-0.168834913,-1.021449716,-0.587182451,1.824059307
0.611530903,0.30293273,1.433209429,0.215621979,0.489518962,2.651828413,-2.306177011,3.463666379
0.1851091,0.649796303,1.002776691,0.087502881,1.196421557,-1.686536693,2.243623943,1.283840223
0.96853468,0.389320669,-1.096233465,0.160643866,0.577431324,-0.335394713,0.350192857,0.884813559
0.067123222,0.97657067,0.150717824,-0.13407798,1.988715238,0.816526708,-0.419987467,-2.399455088
0.076186453,0.531457672,0.593682687,1.104213587,0.43042939,1.993302753,-1.978743681,1.709898796
0.967813563,0.929421775,-0.739409978,-0.447401027,1.103054693,1.839111311,-1.742101495,3.89926918
0.406343226,0.586834429,0.19141617,1.471483704,0.185115924,-1.010018352,2.287745583,1.854579194
0.460671015,0.621544626,0.6469792,0.789435429,-0.177508195,-1.184150289,1.39982068,-1.400716146
0.099814288,0.378623336,0.660919786,-0.436698072,-0.122821411,0.677316901,1.324243691,0.376055876
0.850178083,0.602279145,0.877082486,-0.165030725,-0.13984986,-0.110417942,1.010021869,-0.075557608
0.955701957,0.265397235,0.058167754,0.658823403,0.341075544,0.477717235,0.024086135,1.372195075
0.113429598,0.822662477,0.198324764,1.577785331,1.89007857,-0.52921148,0.154646997,1.228284851
0.443576073,0.916162181,0.266533328,1.509095249,2.11840479,2.551677666,2.883635517,-3.415125755
0.523098847,0.074021099,0.300847476,0.246149861,0.509065655,-0.28729954,0.571763215,1.150189288
0.584015146,0.429817647,-0.272940604,0.618069957,0.85345614,-0.182532509,0.465787475,1.184027675
0.782316771,0.289539004,-0.515534412,0.144502109,0.48989784,0.954641057,-0.71930033,-0.787885807
0.95043381,0.31626698,1.542945119,0.834745271,0.317599909,-2.504088539,2.926405752,3.375884708
0.079488911,0.228569319,0.294935952,0.83985395,0.99923258,-1.103012087,-0.09777826,0.848393053
0.271772592,0.767261341,0.457077992,0.324119598,-0.108263517,1.304196934,1.564305359,1.36728042
0.337239373,0.131916648,1.071944183,0.883688844,-0.030990192,3.546802336,-4.254165353,3.436835776
0.831998889,0.306538004,-0.496801257,1.217854815,0.581561234,1.041587626,-0.464333473,2.616269584
0.688949123,0.508943699,0.718335522,1.114954629,-0.153356139,-0.995018864,-0.887844391,-0.797252183
0.213878447,0.117313885,0.20833653,0.251398837,0.92581082,0.580559556,0.129588723,-1.430820676
0.702815627,0.110808779,-0.366264489,0.421572869,0.332938636,0.097268467,0.469136059,1.33999683
0.570478479,0.364303344,1.302465437,-0.045276295,-0.012827272,1.14734103,1.540203392,1.721827214
0.99186498,0.628290498,-0.441920987,-0.01802395,0.039032153,0.291713483,0.766973163,0.485859309
0.263803982,0.327014266,-0.088952779,0.429439563,0.135492655,0.53590919,0.979246468,1.228856774
0.255302963,0.703503714,0.488454932,1.633774866,1.039403518,2.70691088,-1.322073127,-1.831544216
0.59678037,0.024899122,0.132804422,0.497244075,0.0659752,0.089625305,0.379747503,0.276584208
0.557052416,0.098129934,-0.168431361,0.264278852,0.442928333,0.099588023,0.324344968,0.795362187
0.284311597,0.841602527,-0.165650892,1.740254605,-0.891472357,2.422761053,-1.60943733,-0.400670837
0.352495919,0.853044503,0.571893711,-0.426498981,-0.06368911,0.806763433,-1.053787585,-0.346283016
0.256748385,0.743332057,0.559500554,0.988620595,1.824820238,-1.473031094,-0.209308368,0.603354112
0.8931434,0.609803867,1.638776028,0.659792068,1.240722049,2.926133573,3.354462407,-3.435247841
0.354783536,0.697093484,0.547564475,1.521641211,0.053420099,1.864897031,-1.350462585,-1.569717579
0.166564858,0.425979468,0.728333612,1.275775636,0.042978382,2.880680475,3.651712552,-3.403888657
0.129623965,0.863121784,1.050937843,1.426470738,1.155980967,2.28712792,-1.423470043,-3.141255611
0.682940298,0.27013788,-0.077982344,0.724206965,-0.071839631,1.476554004,-0.265790058,-2.169362244
0.396268763,0.24541032,0.005990674,-0.08508174,0.270676864,0.359307225,1.006262,1.585559474
0.895638758,0.672031371,0.8654794,-0.311329217,1.46408256,-0.499927962,-0.526197838,-0.421222654
0.021703454,0.725261265,0.425578699,-0.399320441,1.315150503,0.470466208,1.422129365,-0.863355959
0.282801695,0.098623816,0.494170906,0.891859827,0.083985732,2.441445381,3.260291883,3.280233494
0.704950872,0.887870917,0.910205733,0.082115036,1.898612298,2.105239528,-0.226231604,-2.546667529
0.196945335,0.692419299,1.127127129,0.023165992,0.111951942,1.40094393,-0.104048633,-1.843710884
0.070851606,0.697231118,0.697254661,0.294891264,1.180641069,2.189966288,3.181733737,-3.518027077
0.059615403,0.991607827,-0.005142767,1.661156046,1.17464856,2.033701672,-3.378747059,-2.651084479
0.747548205,0.62657721,-0.709666547,0.05487885,-0.485533039,0.688663415,1.827203756,0.047706005
0.497451901,0.443961604,0.877541598,0.822239149,1.044020892,1.869795051,3.270968986,2.891270395
0.505233781,0.001839363,1.398168814,0.29840684,0.256826951,-1.364742597,1.249401151,1.302905309
0.991205678,0.007486808,1.628670978,0.859437479,0.411858722,3.026174268,4.219767563,5.273236069
0.085253491,0.076644831,0.714219599,0.72312383,0.630706715,-0.75989685,0.104564756,0.709858111
0.897692042,0.082683566,-0.529920729,0.461891959,0.365592897,0.602144744,-0.170265425,-0.79524862
0.187294353,0.099737879,0.796178593,0.751655037,0.005933177,-1.663477197,-1.417413641,1.134989645
0.213115053,0.311979577,-0.226460585,0.49928649,0.434080061,0.452133638,0.597069949,-1.03234302
0.02816103,0.707868967,0.624525543,0.505259093,1.320465912,0.267571756,0.168434577,-1.30818665
0.376826912,0.77432812,-0.463466971,0.845117061,1.320072545,1.044475077,1.228771598,3.264697959
0.621664599,0.476249418,-0.509828206,1.543189477,0.676139247,1.661036087,2.506974963,-2.135084356
0.352589472,0.629048903,0.431674374,-0.87076714,-0.189728043,0.596363978,-0.055746126,0.701395303
0.120663158,0.087992342,0.38293511,0.915628905,0.615263621,-0.957720235,-0.442222104,0.696610776
0.60596299,0.321714488,1.274858013,0.301752484,1.005742008,-1.019814183,-0.363198292,0.789605763
0.526412412,0.862641755,0.900902157,-0.101418467,0.385756223,0.039965578,0.400384251,0.384728793
0.637076084,0.788985289,-0.488924436,-0.432863189,-0.39003329,0.000593373,0.300953571,0.38437279
0.972791529,0.97009466,-0.555914668,2.033473205,-0.757202547,0.160157134,0.781906827,1.585459912
0.360808945,0.76137093,1.286802441,1.748147818,1.413936009,2.050168991,3.021656539,6.218366942
0.254275243,0.38026117,0.476209622,0.736993864,0.914608501,1.391123995,-0.343561112,-2.18547269
0.748273365,0.101050048,-0.513472087,0.401898012,0.093323503,0.486025485,0.790686482,1.17468946
0.084274464,0.564628536,0.548891974,-0.442505586,0.799666205,0.965660137,1.021627323,2.120609262
0.109056182,0.885104472,0.345649011,0.284688087,1.363398201,-0.364646709,0.591189857,1.639514669
0.762617064,0.427431118,-0.158184671,0.518870128,0.289600553,0.448263566,1.214641155,0.182582678
0.219573788,0.131657973,0.528870171,0.483181266,0.538259681,-0.435982081,0.700721392,0.178456885
0.44252051,0.890005513,0.930844241,1.106373407,-0.537846596,-1.960679902,1.853425093,2.147685216
0.718237911,0.920495335,0.178745654,-0.456874898,1.035056049,0.843848862,1.514718423,2.131623736
0.561461885,0.692086969,0.016818191,1.649827264,0.73743895,2.38573924,3.532101897,3.53656783
0.291003282,0.33687787,0.331823312,-0.023900024,0.768871105,0.772149955,0.637768036,-1.252260785
0.55054882,0.048559338,0.5314537,0.588252598,0.719580541,2.103642902,2.571052426,-3.177240413
0.387457615,0.818015624,0.581986583,-0.130074497,1.850396325,0.72284605,1.17523486,2.970659749
0.155352356,0.657865458,0.68400061,1.432977268,1.396915226,-1.901330547,-0.819027718,-0.286388457
0.921246162,0.163513769,1.780176655,0.385356284,0.262219225,1.434622152,1.572430897,3.644226389
0.2102463,0.671839066,0.334080251,1.503531437,1.403721045,2.01201138,-0.994214697,-2.155462924
0.164867464,0.805120581,1.01531233,0.010609333,1.166538987,-0.643713309,1.230743385,0.986768673
0.271975112,0.984939686,1.083503926,0.682804903,1.33018531,2.767252249,4.573359965,6.422408193
0.528499902,0.82925046,0.205240829,0.411987405,0.637056203,-0.214129939,0.217697031,0.4385126
0.594676141,0.972232063,0.834718736,1.659973432,0.185648172,-2.023030949,-1.951124045,2.489064016
0.18974789,0.718922843,0.253591966,-0.447975198,-0.513925486,0.389651376,0.749769376,0.255039779
0.291865574,0.992859046,0.886240777,1.142975923,-0.480493123,-1.831869721,2.334889635,-1.363578785
0.015552611,0.926425638,0.089592146,-0.012698525,-0.973487577,0.554205493,-0.05266917,1.111951119
0.495573097,0.461304635,1.040453112,0.306247213,0.31865393,1.588028307,3.002259699,2.525422344
0.728871953,0.741072818,1.639953594,1.915765347,1.45164676,-2.641914283,3.235265222,-0.829308799
0.490835043,0.975308567,1.311385641,-0.875812973,-0.640711473,0.216533082,0.868984741,1.422627943
0.741569312,0.697777162,1.437504027,0.563842497,-0.738020759,-0.914269371,1.651196671,-1.53527667
0.045813791,0.576972214,0.590027334,0.922515833,0.680235339,-0.890401264,1.722526647,0.08605656
0.558668521,0.929766472,-0.298127708,-0.253146928,-0.005341425,-0.18507136,1.195510335,1.023241995
0.727808823,0.108145997,-0.178721452,0.705877778,0.830946213,0.33328842,0.817682224,-1.536887198
0.750493515,0.166368371,-0.121354726,0.357047593,-0.129610791,0.033834323,0.635916386,0.220726189
0.505313921,0.938544863,1.619884538,1.338729365,-0.279859274,-3.320727865,3.321110635,4.119180512
0.469941587,0.772888834,-0.614728798,1.997951762,0.888768304,-1.297018759,1.282794177,-0.182825435
0.471655892,0.231185693,-0.2794868,0.578101159,0.992023589,0.076464489,0.365030777,-0.467787083
0.090879523,0.438204477,0.668102754,-0.150156091,0.486090828,0.750055345,0.590000443,-0.296381033
0.566934515,0.87897239,0.004322362,0.742518939,1.742573797,0.996405385,-1.188358757,1.817866222
0.936887274,0.015606067,-0.146457474,0.149987298,0.600844312,0.680171956,0.461643015,1.17290872
0.450701656,0.193578791,1.043578283,-0.016565087,0.28052214,-0.884456855,-0.570740273,1.351426514
0.764558407,0.225380424,1.372885886,0.631156062,0.133783897,2.361015197,-1.892264864,-2.037109894
0.765975464,0.192349804,-0.434835268,0.049757417,0.326821763,1.011342983,-0.817978572,-0.352866611
0.524623057,0.724235433,0.603806934,-0.005072357,1.497029693,0.621042628,-0.426666488,3.548038278
0.296105965,0.830965355,1.167823053,1.113459129,0.393530787,2.920159898,3.950934663,-1.333622791
0.7928989,0.873386011,0.901483856,1.495786722,-0.046291248,-1.686682012,-1.520965206,-2.113160532
0.873227593,0.175122145,-0.138559176,0.130784788,0.926558904,0.474415714,0.418203719,-0.734304317
0.571842081,0.232161809,-0.403682148,0.615209003,1.004799923,1.11734093,-0.610978482,3.394555786
0.693811799,0.276805631,-0.104223869,0.312900366,0.799349207,-0.030161278,0.736554019,1.187601827
0.762445216,0.265192858,0.437324335,0.56407162,0.855622328,1.447213863,1.829756397,2.960113033
0.018885493,0.139557625,0.331976172,0.317518022,0.714312929,-0.746608568,1.358902284,0.079989085
0.36199765,0.354375337,0.82054077,1.082503666,-0.122028064,-1.124649658,2.090961422,1.304705343
0.491510591,0.909623245,-0.015403549,0.772385752,0.741756825,0.789830852,1.036135801,-1.316577625
0.195662773,0.554807812,-0.146307382,0.213859681,0.218945644,0.010950637,0.860931707,1.043176559
0.368791712,0.545639743,-0.316813802,0.143141197,1.417932045,0.957264778,0.092489138,-3.041157565
0.9797533,0.333380157,1.996041013,0.409660288,0.596782258,-2.924249866,4.250538651,1.984330343
0.692670213,0.768530751,-0.327158694,-0.88280294,0.03075382,2.208492702,-0.1234121,-1.304470882
0.129277676,0.960169929,0.396589004,-0.763637902,0.027378661,-0.135145061,0.950753467,0.433602801
0.402379667,0.424420726,1.385775181,0.114987968,0.852499127,2.053636528,2.922391165,-3.825769706
0.512401019,0.99470162,0.654629459,1.460219405,-1.077104435,-0.297027891,0.503256686,-0.704850252
0.397774624,0.952667247,0.659930968,1.550028446,1.540244888,-1.077170275,0.637704467,1.03248731
0.313650133,0.746553397,0.702918308,1.403315839,0.140745612,-1.472935401,2.769342985,1.439362779
0.188326948,0.240445071,0.44153319,0.388407697,0.778416524,1.730770527,3.146263699,3.213388905
0.796708766,0.228270729,1.529274772,-0.101138852,0.589068052,-1.119447094,2.453965456,0.440704718
0.316150283,0.85476986,1.233123631,0.040258993,0.001499882,1.931479253,1.995613915,1.821776204
0.44270208,0.210129169,0.304372411,0.250093134,-0.04805142,-0.485018366,-0.101010362,0.366401312
0.154321203,0.776199888,0.292814738,-0.573434696,0.05505411,1.116969526,1.478891547,1.139832735
0.263767477,0.87668219,-0.06362989,-0.748510829,1.42294684,1.077711318,-0.790686998,2.619100691
0.715889177,0.739597435,0.064916902,-0.066132131,0.118453366,0.870980151,0.007155774,2.119291242
0.914012658,0.293851765,-0.434075657,0.535604164,0.946900035,0.598215343,1.358133469,1.599414194
0.825948318,0.201349023,1.389750788,0.439442833,0.437592339,-1.9376489,-1.905069049,1.676595807
0.668435337,0.560037439,1.060930169,0.991684175,0.143702853,2.896593781,-1.984688454,-2.025615049
0.635434123,0.959024143,1.325487278,-0.521504642,0.074565594,0.016120289,0.762864228,0.859405138
0.538813713,0.798455303,0.190212768,1.191190104,0.12716651,2.989497068,-0.89012579,-2.812257827
0.370268346,0.98992279,0.679584517,-0.580948576,-0.184939937,0.4823608,1.211322037,1.281996207
0.844876907,0.499000156,1.140942564,0.534766299,0.570575552,-1.891557983,-2.064953587,-0.698434241
0.458050265,0.050413986,0.357488737,0.043569492,0.04258841,0.732822376,-0.295516716,-0.199738157
0.144357666,0.548647667,0.593375354,0.684110572,0.690195697,1.966313601,2.08433908,-1.658355411
0.960241565,0.566060744,1.274660023,1.001871473,0.931546015,-1.040524362,1.234449244,0.78594901
0.570749686,0.741388219,0.479156601,-0.218294393,1.638512742,0.690737908,0.806440619,3.186674891
0.852439182,0.084731225,-0.862250328,0.4580073,0.416638923,0.685692966,-0.472891382,2.182441865
0.040110409,0.519747941,0.100328206,-0.499189887,-0.216680808,0.716670153,0.469423724,1.179652836
0.528995142,0.866027433,-0.159930797,-1.259944075,-0.505467398,-1.01658925,-0.432438903,1.22580942
0.309076929,0.940497997,1.048138083,-0.14046811,-0.012559158,1.025400504,2.313424199,-0.401048257
0.941774861,0.002160738,0.915994677,0.587184753,0.964097428,2.083688514,2.864113807,-3.046635516
0.310324447,0.273749545,0.321639476,1.329142637,0.583214693,2.036392878,-1.372418187,-1.782719357
0.258890861,0.681075179,0.724400018,1.325298316,-0.538489871,-2.326397803,3.051436058,1.958151333
0.188787496,0.347722441,0.558159671,0.184242393,0.661263094,0.666992702,-0.376376174,-0.633312535
0.130668006,0.965966347,0.50278172,1.173001795,1.830927604,2.016946554,1.936890033,-3.485719026
0.166506458,0.186455844,0.266356426,0.845086022,1.128811123,2.2539565,3.017757965,4.84645457
0.403244532,0.127599674,-0.200361239,0.413118979,0.644094667,-0.051771241,0.019889112,0.900595703
0.556658637,0.09862711,-0.40254272,0.359916452,0.65256374,0.749567579,-0.486697458,-1.521109509
0.247022388,0.082669096,0.404698245,0.772294354,0.425543646,-0.253366291,0.156116695,0.360940542
0.980788466,0.039454603,1.450675172,0.521386889,0.134525496,-2.033199878,-1.849710523,-1.085139366
0.545672217,0.669382591,1.119933341,1.064880889,-0.134445861,2.519047075,-2.267941509,2.857155492
0.812236356,0.231705159,1.230092526,0.665868784,-0.200113972,-1.401099049,-0.285228312,1.879980429
0.83799411,0.850702695,1.863870388,1.510159567,0.075381217,-2.440113638,2.580570642,2.437240297
0.835315869,0.765308957,-0.883134518,-0.088902944,-0.268279334,1.162871375,1.573025989,2.058397807
0.368421384,0.608870913,1.212976858,1.745557467,0.596892441,-1.181615196,1.930136542,-0.373044048
0.191387615,0.247146916,0.698255135,0.54012286,0.612988265,-1.425325456,1.722414616,-0.812044877
0.643969238,0.513363416,0.142976043,1.130884277,0.805017555,1.036431207,-0.999272785,2.195057437
0.733953468,0.188982988,-0.408288501,-0.173462633,1.148688441,-0.223233629,0.60862379,1.630386887
0.916614009,0.774598462,1.723387093,-0.648335905,-0.125726923,0.256146188,0.90767257,0.510337994
0.860459703,0.762563294,1.151496772,-0.453600779,-0.156676001,1.094193425,1.599366653,0.907791533
0.158480062,0.87646321,0.334991576,1.148324087,0.474586165,-1.846482969,-1.234838169,2.260296837
0.805921601,0.525841721,-0.853820798,0.569871392,1.441333033,0.39606696,0.591271197,-1.220805747
0.729221554,0.802926697,0.603359117,-0.97597043,1.302776013,0.901753294,1.532147938,-1.372805022
0.219783496,0.266653137,0.988137008,-0.057260132,-0.293771218,-0.332926798,1.069149789,-0.086716951
0.94508925,0.53736621,-0.361480556,0.264029617,-0.145836794,-0.046972926,0.434825165,0.526742752
0.567062317,0.877045551,0.240591069,1.277214119,1.542845689,-1.818631273,-1.601898427,0.451962111
0.24394978,0.191278721,0.623627969,0.439853926,-0.234341007,1.847487952,1.639201235,2.880758568
0.206505512,0.160812735,1.1248979,0.741714644,0.968360328,2.355638434,1.949786494,-3.148936184
0.819871322,0.214470574,1.033760694,0.547057239,-0.055847353,1.040701212,-0.349857608,-0.518824082
0.455831572,0.408803922,1.531665573,0.450753833,1.247045759,2.220059263,-0.693706563,-3.700785863
0.166271111,0.972867484,0.04817054,0.145913897,-0.346708365,0.37527332,0.30607507,0.323922633
0.933948324,0.137568172,1.216160974,0.379361802,0.646833504,2.319041137,2.323639173,-3.018861181
0.21072951,0.582136609,0.664892242,-0.306493551,-0.012630172,1.149191641,1.959402768,1.509377198
0.683500978,0.822737013,-0.405975023,0.935248323,1.211910827,-0.060992765,0.528860546,1.330372603
0.279387469,0.720318282,0.038039767,0.23007371,-0.382060572,0.063930872,-0.023369247,0.713073325
0.264032885,0.184734809,0.569452024,0.745416056,0.030868459,-1.269613735,-0.755609638,1.513362053
0.442975267,0.76761002,0.555902702,1.279626497,0.021395654,-0.862505901,-0.60577414,1.009781976
0.386441965,0.126369024,1.248379654,0.615142358,0.34536456,2.543333826,3.464791868,4.507516332
0.091693648,0.950689185,-0.023424985,1.998334379,-0.782428197,-1.013658392,1.825479673,1.756157697
0.326867362,0.530822755,-0.324809125,1.378960878,1.142402527,2.014762226,-2.047883778,-1.8614017
0.249479,0.05266889,1.216917042,0.407349775,1.027289998,-1.571123737,-1.622642369,1.45766741
0.306495777,0.574258996,0.892620648,-0.000633869,1.364685964,-0.773799373,1.027940296,0.141104122
0.986787337,0.496277067,1.522378753,0.299083952,0.111252568,-2.152191022,-1.06063127,3.467226808
0.723742295,0.993136705,0.696512812,-0.721150618,-0.821790353,0.299410543,0.948923922,-0.093356147
0.417417575,0.798226498,0.147065173,1.713941945,0.15473379,-1.209848381,1.66442678,-0.519870122
0.924925385,0.604678932,2.031061228,0.364242163,0.908947328,3.616518312,4.082911426,4.086533284
0.883237836,0.108986337,1.71712945,0.814190398,0.809409668,3.018322946,-2.340106422,-4.641364988
0.389530419,0.111434747,1.106163421,0.025192544,1.059100768,1.645113596,1.814592288,-1.330093752
0.374766685,0.852710502,0.967297149,-0.180820323,-0.07797577,-0.122058109,0.985006894,-0.154384003
0.351611514,0.924210314,0.706382956,-0.573806982,1.649989661,0.18531146,0.593787542,2.177721648
0.908950761,0.806412163,1.6275176,-1.071658579,-1.013601161,1.032506794,-0.709023522,0.87177515
0.466287189,0.302515942,0.941889464,0.551156273,0.76673665,-1.199962137,2.633440811,1.365634177
0.37883986,0.963221701,0.377549322,1.68692628,1.660156168,-2.321030109,-1.437394107,0.041240899
0.07314131,0.894813297,0.544254525,0.852823595,0.492923706,-1.248044962,-0.583517603,-0.339554845
0.794428448,0.694110738,0.289431818,0.837433399,1.479680082,1.311806024,-0.833321443,-2.887516636
0.494688477,0.939165049,-0.476987042,-0.611022318,1.37512098,-0.628723809,-0.693569494,1.508276301
0.527985327,0.923065647,-0.061903194,-0.320254548,-0.579068652,0.077610641,0.082141216,0.679556405
0.736177917,0.925994175,-0.198382106,-0.847252025,-0.119315957,0.968614318,-0.32295364,1.283935135
0.444311577,0.83562948,0.698219145,1.964792647,-0.790976906,-2.035922834,2.6871612,-1.415682267
0.021865897,0.722498069,0.122965074,0.145074003,-0.023184094,1.033993577,-0.519291623,-0.309651048
0.256775938,0.162563537,0.570638039,0.733087747,0.586450066,-0.59247869,1.644134071,0.553571411
0.617067484,0.604457965,1.197107052,1.203979829,0.82347104,4.149005075,4.588705438,-4.418573371
0.668612052,0.657181282,0.098750631,2.140269138,0.931346703,-1.751053402,-0.964576376,1.301553769
0.061847708,0.385584253,0.822208458,-0.207986204,0.660989115,0.843021607,0.971252767,-0.420924038
0.591517765,0.212146436,0.72051878,0.123661327,0.698285572,1.414552256,-0.856567768,-2.144680909
0.831056362,0.46363467,0.905400333,0.801475519,0.40688952,-1.895587235,-2.142142665,2.173278842
0.887986918,0.072607949,-0.076538058,0.027353132,0.85494586,0.972524916,2.312381111,1.812752875
0.069982304,0.014529264,0.165437774,0.005483094,0.854860685,0.635790817,-0.240514704,1.868307189
0.842683603,0.559009865,-0.228400484,-0.548357737,0.021826394,-0.670118743,1.272252798,-0.627751127
0.901668364,0.078966311,1.736754308,0.56309151,0.38589905,2.338449092,2.227095791,2.656099602
0.880960849,0.798132668,-0.992277697,1.460901252,-0.158034847,0.630973542,1.631416313,0.581411662
0.724681229,0.477856965,1.245521172,0.35572309,-0.231500323,1.702136475,2.615606551,1.281084405
0.063109695,0.86682939,0.370049272,-0.602331801,-0.33477055,0.222128874,0.735664004,-0.03658125
0.096991742,0.039001573,0.406393286,0.281996393,0.643537328,0.076146128,0.575775303,1.655874917
0.632033991,0.49756017,1.279058274,0.490320628,0.221186661,-1.150402278,2.083004722,-0.780734876
0.011837754,0.761593813,0.827769889,-0.558903894,1.796407976,0.499283355,0.500436204,3.180552337
0.960705988,0.431124248,1.17568737,1.07175338,0.429677081,3.376093998,4.671090827,4.847576692
0.181162283,0.376524646,0.837737304,0.469319592,0.186127458,-0.031434688,0.148208985,0.274180422
0.704637382,0.320592188,0.003275701,-0.281109062,-0.23553586,-0.037270474,0.91473334,1.18026976
0.011027076,0.983059513,0.905239375,1.813237548,1.628873609,-1.884437227,-1.748874661,0.68922523
0.394076857,0.104904741,0.192416982,0.29933054,0.235621383,-0.46961885,0.284585693,-0.203084443
0.811431127,0.124551873,0.114589908,0.989733028,0.865945715,1.582748147,-1.412632088,-1.591816117
0.896748072,0.195488863,-0.478457128,0.682808272,-0.130122452,0.479536621,0.033896236,0.861588128
0.208288894,0.768824646,1.194831214,1.274140048,-0.181616946,-2.405798427,-0.751936429,-2.360014643
0.08612204,0.805768719,0.796608336,1.466368544,1.505354565,-1.430112509,0.06253614,0.826607259
0.552903924,0.314406158,-0.490647135,0.310841446,-0.247107767,1.087823047,1.396111352,-0.370342724
0.085946527,0.630629942,0.401675312,-0.51514073,1.298108611,0.233079839,0.587870633,3.158866574
0.075326995,0.637154093,0.2957725,1.418744011,-0.358564163,1.667031076,2.661994622,-0.906307718
0.255745067,0.986065136,-0.171065269,1.695736954,-1.171132392,2.487054769,2.860548488,2.276638157
0.083158975,0.334190228,-0.042204043,-0.029042487,-0.190831208,0.235205498,-0.069947426,0.872593458
0.284487452,0.550329182,0.03057112,-0.455398757,1.394894851,0.041009965,0.944825985,-0.76318374
0.233970724,0.710575974,0.15680285,1.084049548,1.054683658,-1.483661979,-0.860905598,0.52960685
0.778215143,0.214314605,0.608607897,0.011888745,0.578067162,-0.564214886,1.268481451,0.761154071
0.1016464,0.244917049,0.546742485,0.253007472,0.448834696,0.416225951,0.09136643,1.170828144
0.233895833,0.096276727,0.08286478,0.379650507,0.595824582,0.51238019,0.04320887,-1.039893411
0.184108163,0.284464845,0.480923326,0.921504155,0.438106287,2.137366103,4.099590795,-1.966326938
0.814186416,0.896852899,0.846604614,-0.180152975,1.2554885,0.392382103,-0.072871426,1.526995315
0.554371212,0.372091607,0.891097626,-0.210672969,-0.435663147,1.022233101,1.565993369,0.446689183
0.885124231,0.935776855,1.101925682,-0.537632924,-0.493513451,-0.21734943,0.034098745,1.022905385
0.767777929,0.227122994,1.642715851,0.948488854,-0.144014093,-2.106348376,2.863700881,3.18454465
0.291527026,0.441822433,0.231273143,0.237684896,0.135150413,1.522200431,2.174022986,1.933939451
0.672214184,0.765316138,0.088487512,0.809342056,1.78035351,1.432588969,-0.437711953,4.152978228
0.629478595,0.609950729,-0.603543279,1.04645282,0.577007536,0.777319091,-0.329893991,1.719091453
0.942800121,0.266239366,-0.781408493,1.044536393,0.555754692,0.380324602,0.97054339,1.284846987
0.41213023,0.424196946,0.288859967,0.89253651,-0.31371521,-0.412174724,0.088899267,-0.627667541
0.700075096,0.917789793,0.238577939,-0.27265735,-0.079465648,0.42652929,1.227768482,0.556679376
0.552823443,0.577094629,1.105706964,-0.36378952,0.384190752,1.441002837,1.23058819,-1.423141364
0.140734667,0.337446014,0.727427244,0.434644583,-0.130172018,-0.829360785,1.466720485,1.542380545
0.278852213,0.308981987,-0.16040187,1.292732793,0.694858934,2.05065086,-1.068762192,-3.697555112
0.301032166,0.36956982,0.774216516,0.942940779,-0.178261061,1.69099973,1.997063968,-0.507881751
0.176084403,0.208013279,0.456332769,0.403142723,1.155950024,0.178238144,0.306205586,2.352323479
0.982929234,0.01643549,1.758266196,0.271370324,0.638709719,2.824881398,-1.398213472,4.146743266
0.948250509,0.465162603,1.348470317,0.984278254,0.456358291,-2.052561823,2.601345686,-1.466408113
0.854825187,0.621018684,1.24044028,0.202537626,0.850476803,-0.614353328,-0.575931172,0.699712844
0.905643076,0.983112347,0.12762197,1.622562119,0.296547396,-0.924850792,-0.418718621,0.399537119
0.347923404,0.064452894,-0.08568336,0.724743472,0.259413556,-0.402248506,0.557165268,0.164978368
0.800167039,0.025404631,1.777782794,0.906100075,0.701627051,-2.093795297,1.560757367,1.384782045
0.221010393,0.088695877,-0.050683405,0.362635138,0.606294791,-0.387821458,0.193923389,0.241770844
0.963011113,0.864156267,-0.486762721,-0.270624689,-0.052776191,-0.787092347,1.202358266,-0.932639481
0.513692641,0.450652057,0.96108234,0.3575998,1.441740051,1.127751524,-0.461233676,-2.664225055
0.140406922,0.14737319,0.671084515,0.306348625,0.026450914,1.301981292,2.47159229,2.395588141
0.92897165,0.170241919,1.012082408,1.005928585,0.376199062,2.489731253,-1.613660037,2.157973676
0.70684074,0.96776877,-0.243453296,-0.607217552,1.039857008,1.804944063,2.337816162,4.069036294
0.532058447,0.253511668,1.713990503,0.585471339,-0.148837093,2.926944752,-2.340157447,3.151439617
0.020485368,0.770706465,0.158013399,1.16480684,0.289476379,-0.705632409,-0.364952811,0.967551924
0.192328316,0.389098312,0.395493235,0.322157542,0.456467678,-0.15127473,0.394933985,-0.263335099
0.211934598,0.234513619,-0.010997299,0.593664685,0.214909648,0.060131111,-0.06543297,0.605152188
0.739694333,0.844789721,1.729533749,-0.482055735,1.437312768,-0.56574842,1.23758265,0.88233995
0.684604689,0.483027603,1.132119262,0.310634215,1.038205957,-0.894834119,1.047823908,0.956642689
0.61289399,0.959958475,0.72508385,1.666959669,-0.902923792,3.104504755,3.786440166,-0.797161419
0.09999018,0.38170734,0.715865253,1.166318349,0.487659129,-1.136418986,1.18684779,1.265889267
0.114304434,0.262830035,0.000911601,0.689631667,0.53926683,1.659863091,-1.844001402,3.017982793
0.43854782,0.472333417,-0.173605148,1.13251497,0.413813122,1.250413331,-1.38962631,1.722765204
0.952087062,0.437875838,1.58325333,0.631214273,0.475935586,3.462531597,4.11991673,7.174022432
0.614969166,0.413015125,1.353630985,-0.140462489,0.784363746,-1.105604555,1.403699384,1.138167818
0.816622453,0.068423682,0.930074525,0.71615337,0.12793281,-0.814205664,-0.064109995,1.560935637
0.799967622,0.260783725,-0.443299916,1.029969809,0.130466418,-0.359985425,-0.169081134,0.517428611
0.715910325,0.924270977,-0.271533131,-0.118413681,1.749452148,1.007294823,-0.992594677,-1.846895452
0.287607894,0.405561719,-0.162788243,-0.079151576,-0.071008029,0.910771539,-0.266434139,0.618961422
0.14684464,0.389092423,0.817590102,0.325277265,0.540108725,-0.936390269,-0.045012032,0.369107477
0.474906072,0.961620972,1.49811423,-0.568665289,-0.220634892,-0.345552607,0.200550939,-0.648883189
0.518099684,0.099749346,0.267615093,-0.077532339,0.94886926,0.821751071,-0.648552173,1.803126165
0.79347964,0.900445938,-0.48874793,0.055138423,0.173639555,1.123729001,1.845632846,1.455165429
0.177438835,0.173533003,-0.048303845,0.208478388,-0.087791858,-0.128098918,0.791929269,0.681408806
0.152068308,0.945070143,0.643669255,1.175323108,0.775392192,-1.574747575,-0.564782769,0.141023692
0.48548163,0.526913519,0.731696536,-0.097771733,1.002056406,1.438130713,2.124352814,-1.098488362

